# ECAM on Fonseca-Fleming - All evaluated solutions
-1.003679 3.605714 1.855952
0.789268 -2.751851 -2.752044
-3.535331 2.929409 0.808920
1.664581 -3.835324 3.759279
2.659541 -2.301287 -2.545400
-2.532764 -1.566062 0.198051
-0.544440 -1.670167 0.894823
-2.884049 -1.662843 -1.069105
-0.351440 2.281408 -2.402610
0.113876 0.739317 -3.628397
0.860359 -2.635807 -3.479587
3.591084 3.725056 2.467179
-1.563090 -3.218623 1.473864
-0.478780 -3.023694 -0.038585
-3.724892 3.274563 -1.929760
1.300178 -1.506311 0.160544
0.373682 -2.521164 3.756677
2.201063 3.515992 3.158619
0.783200 3.374994 -3.292060
-2.432137 -3.638182 -1.397357
-0.890582 -1.829208 2.629900
-1.145973 -1.752524 0.341569
-2.872606 2.417576 -3.403595
3.895095 2.177958 -2.410275
-3.955823 2.523691 1.654859
1.832057 2.170163 -3.407643
-1.132274 -3.073048 2.904827
0.986385 -1.352816 -3.491533
-1.512141 -1.398533 1.836849
1.100460 3.097702 -0.222281
-3.043246 1.705958 2.086280
0.490218 2.167737 -0.049635
0.181863 -0.579672 -3.796647
-3.136869 -3.748567 1.091283
-1.485152 0.068566 3.260532
-2.005662 -0.716937 2.044409
-2.169615 -3.384161 -1.681988
-2.710230 3.437581 2.464963
1.067230 2.971685 2.429377
-2.507440 3.140472 0.314738
2.459521 3.168730 -1.455972
-3.119585 -2.176519 -0.583138
2.544118 2.885845 -3.944383
0.085978 -0.660712 -2.223138
-3.041077 -1.299079 3.543278
-1.414377 0.150325 1.624152
-1.090963 3.774257 3.699578
-1.985742 -0.022012 -1.592974
-1.721276 -3.704904 0.876515
0.021432 -3.588170 -1.770828
3.266127 -2.083505 -2.840841
-0.084378 3.885204 -2.063558
1.377084 2.092957 -2.098900
1.825731 -1.057735 1.058447
1.068238 0.286197 -3.277682
2.682420 -1.433759 -2.507852
-3.673799 0.727144 1.420515
-3.867297 0.096744 -2.188034
1.161382 -2.605069 1.527502
-0.906117 3.493840 -2.899832
-1.271469 -3.092212 3.397549
3.018715 -1.936467 1.279872
2.537778 0.441606 0.237205
-2.065182 -3.255178 3.177726
3.203344 1.064812 -1.287762
-1.206323 1.807645 3.176882
3.096691 2.239004 1.136253
-3.326880 -2.706970 3.188434
0.851432 -3.926424 -3.188228
1.308014 -3.959507 -2.713536
0.389870 1.535162 1.215690
-2.205846 1.697434 -2.102007
-1.396802 1.971931 1.197063
2.793787 1.260903 0.546469
-3.250602 -1.058274 -1.878381
-2.048083 3.784084 -0.855218
3.136372 1.049109 2.358490
0.021097 0.615231 -0.059858
-2.438056 1.779617 -1.753821
-3.805472 1.163778 -2.583115
3.523669 3.631429 3.318915
-1.038730 -3.876347 3.426549
-0.574527 3.733239 3.708960
2.824076 -1.644409 -0.919218
2.809093 -1.464624 -2.644058
0.454410 3.489238 1.568238
0.560489 -3.222588 0.920058
3.920431 -2.879328 0.146637
3.018985 1.926149 1.576126
1.619873 -1.124071 -1.651265
2.474889 2.480907 2.936579
3.305924 0.090739 0.012130
2.386361 1.199711 1.615735
2.366341 3.120043 -1.296039
-0.995336 -3.248144 0.626241
-3.712462 -0.275216 0.341157
-1.707670 0.726666 -3.755998
-3.701214 2.580804 -1.118475
-2.983516 0.177946 2.159948
-2.273432 0.983124 -3.317220
-3.586546 0.250837 0.325081
1.099439 1.808731 3.806817
0.130403 -1.416348 2.361490
-1.833342 -0.488229 -3.372349
-3.797194 3.701187 2.687841
1.567794 -0.728376 -2.613645
-2.748504 -1.998057 0.393813
1.716767 1.281579 -1.760529
3.638922 1.903175 0.434832
0.893766 -0.643200 -2.018152
-1.152219 2.062769 -3.884852
-3.071419 -3.631979 -3.674170
2.843685 1.629263 -0.206609
-3.217327 -0.067073 -0.212226
-2.614385 -0.529187 -0.811962
0.926801 1.080749 -3.637568
-1.003099 1.006879 0.025090
2.851919 1.269549 -2.696525
-3.435450 1.139354 -3.787910
0.686205 3.521842 0.603793
-0.894641 1.146306 -0.333977
0.364934 3.531718 -0.911179
3.689525 3.242805 -2.433671
-3.445110 -3.193776 -3.854225
-3.244456 1.464054 -3.430491
-1.448195 2.759002 -3.813825
2.515748 -1.745162 -3.054681
1.573897 1.031543 3.019776
1.880568 2.427847 -1.743723
-2.580484 2.004918 2.454678
3.924041 -0.699059 -1.023855
2.211304 -1.273572 3.446059
2.867302 -0.568048 2.006969
2.036343 -3.175009 3.220423
0.042019 2.611660 -1.439603
3.164186 -0.886387 -3.913299
3.243056 -3.269707 -1.445491
3.600496 3.604857 0.587503
1.054698 -0.412436 -1.654314
-1.370684 1.380148 2.018996
2.332632 2.316945 -3.270351
-0.044638 -3.539530 0.396231
-0.467756 3.101633 -1.192680
-3.063464 -2.856067 2.092085
0.945745 -3.191019 -3.327146
1.607753 -3.417896 2.574880
1.649938 -3.349210 -3.321298
3.893117 -1.005834 -1.034863
2.502397 3.577989 3.888009
2.027025 -0.989923 -3.331994
2.217175 0.467234 -0.606224
3.250835 -3.110420 -0.058999
-3.909171 -0.250715 -3.549574
-3.049457 -3.059790 1.193682
1.968359 0.666950 3.697380
-1.001035 -1.714303 2.948793
-2.211233 3.705780 -3.902764
3.759031 -3.654721 3.129145
0.221609 3.943718 -3.409627
0.430834 3.754420 0.184783
1.035189 1.565990 -0.363671
1.020465 0.674514 3.209264
-3.636429 -1.752294 3.603292
3.122110 -0.354746 0.961061
-1.780951 -2.495031 -0.290413
-1.173182 0.669249 -3.378123
3.795158 3.889686 1.585294
0.288771 -1.523779 2.510360
1.477849 -2.699064 3.287417
2.580298 3.598399 1.805756
0.907322 -0.654056 3.461828
2.928511 -3.638251 -3.789064
-0.988293 2.484427 3.898209
-2.796665 0.753046 -0.952873
3.759315 2.736951 2.706630
-0.250455 -0.681444 -1.812743
-3.548996 2.917779 2.503208
3.997741 3.973095 0.443454
2.151899 3.558126 2.797179
-2.021215 -0.395647 -2.966725
3.632408 0.849397 -2.170858
1.373605 0.945026 -1.134698
-3.091539 1.372586 0.162462
2.178547 0.161308 2.817452
0.415255 0.487504 3.013229
-0.772137 -2.927878 -3.769739
2.041098 0.962476 1.632638
-2.296287 -2.909028 -3.883643
-1.195300 0.719341 -0.862048
-0.500201 3.233270 -1.213956
0.111916 2.269224 -0.827658
0.976694 2.898910 3.596165
-2.823412 3.412701 -0.063070
-1.934045 -0.326914 3.840261
-0.059055 -1.369987 1.067207
-2.078835 -3.393093 -2.968962
-2.975633 -2.784778 -2.889383
1.126998 -2.544959 -1.234662
3.174307 -0.208307 1.340462
-2.621441 -2.461688 -3.673051
-2.648519 -1.771277 -2.583916
-3.290380 -3.034913 -0.313770
-2.349330 -1.085841 0.027338
1.523159 -3.685503 2.395283
1.023203 -3.345928 2.988629
3.366979 -3.511376 -1.784979
2.449610 1.986078 -2.523832
-2.325205 -1.036223 -0.123816
0.946038 -1.048691 -0.299722
1.979768 -3.706534 -1.980504
1.706797 3.161655 0.093420
0.256908 -3.142624 -0.420701
0.260938 -2.060236 -1.846054
-0.981727 -3.839430 -1.423367
-2.308416 -1.380021 -3.041903
3.124218 0.748740 1.432819
2.313370 -0.012462 -3.304638
0.296852 0.694729 1.963516
-0.546724 -2.979358 -1.729793
-1.095342 1.167338 0.566226
-1.151226 3.892122 0.846199
-2.102186 -3.185740 -2.777127
-2.032338 -2.714549 -2.507464
-1.719239 -2.613011 3.174123
-3.358130 0.196091 -0.716825
3.859029 -3.103689 -0.817155
3.755763 2.924057 2.536577
-1.936777 -2.632899 1.349146
3.435008 0.454103 0.572902
-1.760167 2.155943 -2.503650
-1.410566 -0.596508 0.060883
-2.060722 -3.081305 0.884960
-1.690956 0.649906 -2.765098
-0.150879 0.260715 -3.585412
-1.307166 -2.924683 -3.493000
3.919682 -1.421169 2.478996
-1.962875 1.452022 2.081823
0.765110 -0.227390 -0.705273
-1.209054 3.436233 2.644955
3.720215 -3.005622 1.846940
3.506724 -2.550135 -3.468030
1.928965 0.595785 2.734630
-2.881821 2.362138 -2.386981
-2.690752 -2.685874 2.516598
1.321578 0.184523 -1.129356
3.017604 -0.860439 2.532796
-0.486921 -0.984445 -0.298562
-1.588977 1.980875 0.021763
-2.142298 3.196597 -0.928870
0.348423 3.251777 0.993904
