# ECAM on Fonseca-Fleming - All objective evaluations
0.999998 1.000000
1.000000 0.999988
1.000000 1.000000
1.000000 1.000000
1.000000 1.000000
0.999999 0.995494
0.998356 0.965356
1.000000 0.998819
0.999997 0.999990
1.000000 0.999990
1.000000 1.000000
1.000000 1.000000
1.000000 0.999995
0.999999 0.998135
1.000000 1.000000
0.993512 0.992792
1.000000 1.000000
1.000000 1.000000
1.000000 1.000000
1.000000 0.999999
0.999995 0.999994
0.999787 0.921823
1.000000 1.000000
1.000000 1.000000
1.000000 1.000000
1.000000 1.000000
1.000000 1.000000
1.000000 0.999990
0.999948 0.999374
0.999301 1.000000
1.000000 1.000000
0.946605 0.999871
1.000000 0.999982
1.000000 1.000000
0.999992 1.000000
0.999972 0.999868
1.000000 0.999991
1.000000 1.000000
0.999918 1.000000
1.000000 1.000000
0.999999 1.000000
1.000000 0.999879
1.000000 1.000000
0.999933 0.957386
1.000000 1.000000
0.994727 0.997704
1.000000 1.000000
0.999991 0.963972
1.000000 0.999998
1.000000 0.999981
1.000000 1.000000
1.000000 1.000000
0.999959 0.999998
0.988477 0.999830
1.000000 0.999978
1.000000 1.000000
1.000000 1.000000
1.000000 0.999999
0.999988 0.999991
1.000000 1.000000
1.000000 1.000000
0.999997 1.000000
0.981266 0.999989
1.000000 1.000000
0.999975 1.000000
0.999989 1.000000
0.999919 1.000000
1.000000 1.000000
1.000000 1.000000
1.000000 1.000000
0.743347 0.999818
1.000000 0.999961
0.998023 0.999967
0.995396 1.000000
1.000000 0.999885
1.000000 1.000000
0.999952 1.000000
0.511731 0.871031
1.000000 0.999970
1.000000 1.000000
1.000000 1.000000
1.000000 1.000000
1.000000 1.000000
0.999995 0.999997
1.000000 1.000000
0.999923 1.000000
1.000000 0.999973
1.000000 1.000000
0.999846 1.000000
0.999870 0.998127
0.999997 1.000000
0.999665 1.000000
0.991245 1.000000
0.999998 1.000000
1.000000 0.999843
1.000000 0.999979
1.000000 0.999998
1.000000 1.000000
1.000000 0.999999
1.000000 0.999997
1.000000 0.999974
0.999995 1.000000
0.999362 0.999947
1.000000 0.999917
1.000000 1.000000
0.999997 0.999845
1.000000 0.999536
0.999297 0.999960
0.999986 1.000000
0.999758 0.985656
1.000000 1.000000
1.000000 1.000000
0.998948 1.000000
1.000000 0.999366
0.999998 0.985107
1.000000 0.999999
0.949577 0.952829
1.000000 1.000000
1.000000 1.000000
0.999830 1.000000
0.963883 0.956321
0.999983 1.000000
1.000000 1.000000
1.000000 1.000000
1.000000 1.000000
1.000000 1.000000
1.000000 1.000000
0.999227 1.000000
0.999973 1.000000
1.000000 1.000000
1.000000 1.000000
0.999999 1.000000
0.999816 1.000000
1.000000 1.000000
0.999795 0.999988
1.000000 1.000000
1.000000 1.000000
1.000000 1.000000
0.997946 0.978734
0.998523 0.999986
1.000000 1.000000
1.000000 0.999955
0.999975 0.999999
1.000000 1.000000
1.000000 1.000000
1.000000 1.000000
1.000000 1.000000
1.000000 1.000000
1.000000 1.000000
1.000000 1.000000
0.983460 0.999864
1.000000 1.000000
1.000000 1.000000
1.000000 1.000000
0.999992 1.000000
0.999998 0.999999
1.000000 1.000000
1.000000 1.000000
1.000000 1.000000
0.999965 1.000000
0.874135 0.999283
0.999201 1.000000
1.000000 1.000000
0.999442 1.000000
1.000000 0.994530
1.000000 0.999942
1.000000 1.000000
0.999735 0.999986
1.000000 1.000000
1.000000 1.000000
0.999952 1.000000
1.000000 1.000000
1.000000 1.000000
0.999999 0.998926
1.000000 1.000000
0.999659 0.806774
1.000000 1.000000
1.000000 1.000000
1.000000 1.000000
1.000000 0.999601
1.000000 1.000000
0.975284 0.998395
0.999999 0.999977
0.999571 1.000000
0.997440 1.000000
1.000000 1.000000
0.966777 0.999999
1.000000 1.000000
0.994670 0.882853
0.999989 1.000000
0.993611 0.999823
1.000000 1.000000
1.000000 1.000000
1.000000 1.000000
0.988170 0.972716
1.000000 1.000000
1.000000 1.000000
0.999998 0.999260
0.999645 1.000000
1.000000 1.000000
1.000000 0.999941
1.000000 0.999999
0.999991 0.976812
1.000000 1.000000
1.000000 1.000000
1.000000 1.000000
1.000000 1.000000
0.999990 0.968922
0.971252 0.927194
1.000000 1.000000
0.999722 1.000000
1.000000 0.999325
0.999998 0.989016
1.000000 0.999990
1.000000 0.999940
0.999288 1.000000
1.000000 1.000000
0.866534 0.999855
1.000000 0.999174
0.956981 0.990147
0.999999 1.000000
1.000000 0.999999
1.000000 0.999970
1.000000 1.000000
1.000000 0.999764
1.000000 1.000000
1.000000 1.000000
1.000000 0.999944
0.999720 1.000000
1.000000 0.999997
0.996289 0.667780
1.000000 0.999975
1.000000 0.999465
1.000000 0.999951
1.000000 1.000000
1.000000 1.000000
0.999924 0.999998
0.902508 0.856445
1.000000 1.000000
1.000000 1.000000
1.000000 1.000000
0.998468 1.000000
1.000000 1.000000
1.000000 1.000000
0.973245 0.988792
0.999993 1.000000
0.986952 0.222465
0.999062 0.999639
1.000000 1.000000
0.999375 1.000000
