# ECAM on ZDT1 - All objective evaluations
0.374540 4.925733
0.155995 5.055769
0.020584 5.592425
0.183405 3.584686
0.611853 2.292511
0.785176 2.261873
0.607545 3.954449
0.808397 2.541535
0.122038 4.052810
0.662522 2.787506
0.969585 5.394033
0.921874 0.963674
0.388677 3.528543
0.542696 3.780981
0.772245 2.942531
0.729007 2.268158
0.863103 2.133994
0.325183 5.611634
0.119594 6.378849
0.493796 2.135106
0.031429 5.879656
0.249292 3.274633
0.289751 5.304887
0.871461 4.079007
0.807440 2.587671
0.427108 4.348930
0.417411 3.257344
0.323203 5.276307
0.962447 2.040317
0.036887 3.849606
0.908266 3.014111
0.242055 5.154556
0.367783 3.866324
0.835302 1.837592
0.677564 2.473758
0.174366 4.832563
0.341066 4.472877
0.659984 3.863314
0.093103 6.411413
0.349210 6.689596
0.642032 3.158429
0.009197 2.925698
0.548734 4.296534
0.237249 5.515505
0.657613 2.309288
0.243990 6.148082
0.794811 2.987630
0.722452 1.938667
0.940459 3.682678
0.928319 5.462442
0.294449 3.677745
0.556801 4.319644
0.615007 4.655783
0.740769 3.578245
0.809361 5.437744
0.501516 5.672567
0.890005 2.203678
0.035942 4.808551
0.030500 3.680554
0.522243 3.226426
0.051682 5.901201
0.975852 3.015482
0.438971 3.757989
0.695974 1.726895
0.549227 4.928890
0.737897 3.180467
0.355973 2.051351
0.040729 5.309211
0.491616 2.869180
0.615850 3.065867
0.503136 3.358871
0.642419 3.859688
0.388170 5.196818
0.386103 4.300326
0.100778 2.405147
0.318976 4.105195
0.118165 6.662660
0.803481 3.428637
0.990505 2.992458
0.930757 4.680101
0.103124 5.913058
0.895523 2.216512
0.319314 6.391253
0.448446 4.019782
0.791579 2.395290
0.549529 3.378901
0.142992 3.717111
0.700969 2.953555
0.084838 5.969467
0.947249 3.574397
0.777147 3.432885
0.492625 1.370070
0.117526 6.670656
0.374871 4.734728
0.012154 6.191272
0.992965 3.376473
0.629399 4.321233
0.901158 3.574821
0.455657 3.056288
0.353352 5.338098
0.698162 4.181373
0.162617 7.482812
0.613415 4.157265
0.026367 5.825280
0.594131 5.664793
0.468693 3.149307
0.812901 5.847491
0.944766 2.649141
0.954051 3.432083
0.358163 4.249275
0.520164 5.432664
0.403483 3.119426
0.704080 1.252590
0.589918 3.853526
0.513989 5.099250
0.949521 2.902595
0.459136 4.753656
0.240146 1.382010
0.138827 4.761332
0.473962 2.142220
0.168935 1.846744
0.460779 3.456647
0.039312 5.860896
0.920872 3.057508
0.184521 3.846120
0.368914 3.102887
0.713350 3.604500
0.447412 2.828043
0.020071 2.953070
0.890527 4.307006
0.086920 5.444595
0.127580 4.379040
0.356097 3.965754
0.152859 2.301688
0.173374 4.343047
0.982379 3.792946
0.817072 3.428847
0.556763 3.388457
0.323679 2.779162
0.610620 2.750369
0.532589 1.207653
0.989960 3.288023
0.760228 3.141303
0.929529 4.420009
0.938340 2.458610
0.841829 2.107819
0.164266 5.295355
0.877201 3.348772
0.462680 3.490734
0.899575 4.107010
0.116898 4.785217
0.794025 4.960156
0.151675 3.229939
0.569890 5.265306
0.110632 5.072690
0.149917 5.239173
0.693948 2.313422
0.908451 3.976950
0.153351 4.009262
0.872124 5.368540
0.707239 3.086464
0.736444 4.273884
0.984841 4.534829
0.518838 2.646045
0.802853 2.104088
0.919856 3.042004
0.224605 2.922831
0.418925 4.939566
0.013094 5.124761
0.414624 4.339895
0.067076 5.026712
0.190688 2.738840
0.775528 3.105769
0.559640 4.020668
0.373309 2.807639
0.156153 3.801440
0.231075 3.560274
0.178545 2.954441
0.722267 4.911303
0.204984 3.004104
0.207886 2.847638
0.892672 2.923912
0.590295 3.423685
0.436127 4.235386
0.868468 4.423986
0.022469 4.499382
0.139356 5.699007
0.272307 3.534097
0.274055 4.756959
0.010996 6.373188
0.600517 4.009783
0.383139 3.023217
0.082799 3.828651
0.355673 4.216587
0.663671 3.432687
0.262264 3.779075
0.334244 3.517638
0.495491 4.211288
0.799416 3.254202
0.091582 5.741007
0.185133 6.455940
0.658783 4.121501
0.221209 5.776256
0.925248 2.708512
0.697420 5.687733
0.474214 5.546694
0.037008 2.953895
0.696289 2.531274
0.539491 4.968926
0.615863 2.098824
0.874702 5.643786
0.350712 4.656826
0.873677 4.387895
0.737582 1.686503
0.296308 2.810286
0.427773 4.417361
0.786345 4.028487
0.467402 3.902973
0.942732 3.224259
0.176528 3.570375
0.057843 8.753894
0.173895 4.531045
0.815833 2.624034
0.580086 2.532765
0.888748 5.655730
0.550857 2.141745
0.723420 2.560790
0.076131 5.743139
0.824681 3.114610
0.878630 5.466459
0.708363 5.089171
0.752717 3.356478
0.825817 2.243324
0.817967 2.718949
0.616927 4.616316
0.539985 4.136752
0.962992 3.214671
0.937228 2.812483
0.067351 4.032212
0.871537 4.818814
0.758263 1.441450
0.770407 4.179408
0.426181 4.169792
0.220770 3.774125
0.950864 3.118344
0.638526 3.747720
0.894099 1.755823
0.368526 5.045184
0.868623 5.443288
0.626220 3.089091
