# ECAM on ZDT2 - All objective evaluations
0.374540 6.462483
0.155995 6.021218
0.020584 5.942091
0.183405 4.484901
0.611853 3.723700
0.785176 3.891282
0.607545 5.774481
0.808397 4.287659
0.122038 4.816658
0.662522 4.420361
0.969585 8.102143
0.921874 2.130286
0.388677 4.879224
0.542696 5.456808
0.772245 4.762666
0.729007 3.835319
0.863103 3.802938
0.325183 7.120010
0.119594 7.312161
0.493796 3.367143
0.031429 6.325377
0.249292 4.296938
0.289751 6.685462
0.871461 6.332076
0.807440 4.347052
0.427108 5.911300
0.417411 4.613156
0.323203 6.738281
0.962447 3.771795
0.036887 4.245009
0.908266 5.024877
0.242055 6.389964
0.367783 5.231044
0.835302 3.366830
0.677564 4.040182
0.174366 5.836625
0.341066 5.870509
0.659984 5.749041
0.093103 7.230773
0.349210 8.388050
0.642032 4.855736
0.009197 3.094369
0.548734 6.081571
0.237249 6.775885
0.657613 3.803026
0.243990 7.492974
0.794811 4.849485
0.722452 3.389706
0.940459 5.926766
0.928319 8.121039
0.294449 4.858179
0.556801 6.123483
0.615007 6.626546
0.740769 5.520642
0.809361 7.896881
0.501516 7.595571
0.890005 3.925794
0.035942 5.242392
0.030500 4.030969
0.522243 4.754935
0.051682 6.479488
0.975852 5.106746
0.438971 5.243988
0.695974 3.074895
0.549227 6.827685
0.737897 5.018924
0.355973 3.061361
0.040729 5.794748
0.491616 4.271973
0.615850 4.702645
0.503136 4.883244
0.642419 5.716677
0.388170 6.802322
0.386103 5.770592
0.100778 2.946993
0.318976 5.401287
0.118165 7.609167
0.803481 5.421507
0.990505 5.093324
0.930757 7.164911
0.103124 6.745627
0.895523 3.949004
0.319314 7.975611
0.448446 5.569351
0.791579 4.075459
0.549529 4.983865
0.142992 4.516633
0.700969 4.682294
0.084838 6.723722
0.947249 5.797212
0.777147 5.390598
0.492625 2.375965
0.117526 7.614979
0.374871 6.245120
0.012154 6.471714
0.992965 5.599238
0.629399 6.252133
0.901158 5.737736
0.455657 4.439718
0.353352 6.881395
0.698162 6.196652
0.162617 8.667164
0.613415 6.028286
0.026367 6.230485
0.594131 7.775181
0.468693 4.573442
0.812901 8.393739
0.944766 4.585550
0.954051 5.622990
0.358163 5.652348
0.520164 7.357186
0.403483 4.424557
0.704080 2.417440
0.589918 5.623583
0.513989 6.957689
0.949521 4.927407
0.459136 6.445767
0.240146 2.062970
0.138827 5.643311
0.473962 3.348536
0.168935 2.484680
0.460779 4.927215
0.039312 6.360716
0.920872 5.096656
0.184521 4.778734
0.368914 4.341911
0.713350 5.513076
0.447412 4.150957
0.020071 3.206644
0.890527 6.643392
0.086920 6.176132
0.127580 5.189862
0.356097 5.321701
0.152859 2.968327
0.173374 5.296122
0.982379 6.122190
0.817072 5.440255
0.556763 5.007127
0.323679 3.876318
0.610620 4.302096
0.532589 2.196672
0.989960 5.480499
0.760228 4.999791
0.929529 6.840260
0.938340 4.322571
0.841829 3.745206
0.164266 6.309479
0.877201 5.418046
0.462680 4.971124
0.899575 6.406937
0.116898 5.591422
0.794025 7.295635
0.151675 4.004065
0.569890 7.261313
0.110632 5.877096
0.149917 6.199925
0.693948 3.852913
0.908451 6.256204
0.153351 4.868961
0.872124 7.916970
0.707239 4.858406
0.736444 6.369996
0.984841 7.062410
0.518838 4.039965
0.802853 3.699078
0.919856 5.075216
0.224605 3.840023
0.418925 6.576128
0.013094 5.390408
0.414624 5.875444
0.067076 5.641088
0.190688 3.552919
0.775528 4.975124
0.559640 5.772651
0.373309 4.000407
0.156153 4.648680
0.231075 4.578530
0.178545 3.767027
0.722267 7.117613
0.204984 3.887207
0.207886 3.716383
0.892672 4.888439
0.590295 5.103372
0.436127 5.797310
0.868468 6.756014
0.022469 4.828670
0.139356 6.659664
0.272307 4.644743
0.274055 6.031537
0.010996 6.643449
0.600517 5.829359
0.383139 4.273876
0.082799 4.433058
0.355673 5.609439
0.663671 5.226982
0.262264 4.900358
0.334244 4.758520
0.495491 5.883213
0.799416 5.195379
0.091582 6.512057
0.185133 7.641191
0.658783 6.060488
0.221209 7.015673
0.925248 4.642802
0.697420 7.998049
0.474214 7.392573
0.037008 3.303133
0.696289 4.137875
0.539491 6.855832
0.615863 3.478830
0.874702 8.253948
0.350712 6.102035
0.873677 6.719086
0.737582 3.061573
0.296308 3.860307
0.427773 5.992041
0.786345 6.145372
0.467402 5.467725
0.942732 5.340128
0.176528 4.450436
0.057843 9.494632
0.173895 5.504405
0.815833 4.404635
0.580086 3.986445
0.888748 8.291516
0.550857 3.451962
0.723420 4.209979
0.076131 6.442633
0.824681 5.050570
0.878630 8.046118
0.708363 7.306743
0.752717 5.260693
0.825817 3.911369
0.817967 4.531171
0.616927 6.583004
0.539985 5.876313
0.962992 5.352333
0.937228 4.794225
0.067351 4.587111
0.871537 7.246389
0.758263 2.736614
0.770407 6.307145
0.426181 5.701199
0.220770 4.793819
0.950864 5.212105
0.638526 5.574316
0.894099 3.306927
0.368526 6.584835
0.868623 8.001777
0.626220 4.746629
