# Random Start on ZDT1 - All objective evaluations
0.696469 3.144872
0.423106 5.026757
0.343178 3.392829
0.737995 2.437837
0.634401 5.354228
0.322959 3.214998
0.092105 4.334597
0.312261 5.721098
0.623953 3.115818
0.250455 5.542165
0.120629 5.348003
0.304121 5.173831
0.669314 4.951992
0.083195 4.347149
0.095713 5.305227
0.594432 2.880661
0.318766 5.292931
0.841670 1.771484
0.704959 4.854972
0.691702 1.984706
0.513128 2.368678
0.661564 4.795478
0.316788 3.575199
0.552370 3.929831
0.905342 3.129022
0.983631 3.215325
0.731073 4.633178
0.079366 4.061576
0.093327 5.312124
0.753526 4.089241
0.165938 4.625374
0.111392 6.164831
0.438214 3.944266
0.814844 4.467753
0.751644 4.712312
0.128631 2.692416
0.562218 2.997913
0.807938 3.525237
0.206096 4.018581
0.635900 2.474242
0.542636 4.701248
0.573774 2.814092
0.792299 3.676521
0.481026 2.990789
0.417291 6.072791
0.091296 3.382267
0.241686 4.420708
0.043223 5.978369
0.005545 5.204606
0.461909 5.665767
0.208248 3.944679
0.967494 2.854299
0.502071 3.214320
0.214012 2.954813
0.281235 2.811699
0.162016 3.632453
0.887593 1.495396
0.710999 6.385030
0.429813 4.560272
0.940029 3.945719
0.016392 3.104366
0.875125 2.765004
0.572147 3.408082
0.932351 4.308778
0.003532 4.603014
0.406779 4.347939
0.680903 4.802730
0.349566 3.635794
0.937668 3.525435
0.206115 5.185982
0.709623 3.055310
0.301053 2.653403
0.564570 2.549255
0.741760 3.722524
0.912132 3.870611
0.200401 5.068218
0.332580 6.291392
0.204304 4.360128
0.087408 4.917420
0.360424 3.497804
0.456271 4.762863
0.043418 4.306327
0.040683 5.601278
0.611977 2.915496
0.509402 4.567535
0.972098 4.010170
0.257348 2.367149
0.184886 4.744527
0.423518 3.092449
0.918097 2.850706
0.093427 6.585943
0.245131 3.680074
0.467330 4.727109
0.232980 3.739592
0.238783 5.022895
0.040616 4.328269
0.089832 5.031163
0.294307 3.593565
0.612179 3.877402
0.980597 4.923569
0.212831 4.957855
0.496508 4.166212
0.804026 4.174587
0.595074 4.162190
0.617186 3.130152
0.322655 3.644081
0.033954 5.757708
0.378369 4.248396
0.247513 4.613683
0.797733 3.541566
0.567574 2.897594
0.817099 2.196644
0.647433 3.987573
0.520718 2.802802
0.441879 3.944599
0.884003 5.724902
0.697942 5.159125
0.715750 2.772183
0.465148 2.920830
0.446248 2.549711
0.701360 5.442062
0.625907 2.108057
0.666527 2.970558
0.151730 5.230334
0.981118 5.183415
0.391316 3.663784
0.466810 3.962351
0.684891 3.906783
0.098184 5.874019
0.225535 5.394973
0.274225 4.259793
0.164779 5.450864
0.163338 5.354720
0.967362 4.140795
0.106055 4.279719
0.368053 4.858975
0.844077 2.084986
0.943615 2.608245
0.271492 4.423689
0.870371 4.546742
0.945237 3.062066
0.063939 5.842681
0.594644 4.379697
0.620991 1.743473
0.550953 4.598702
0.710075 2.819015
0.519280 3.508504
0.886678 2.814258
0.768959 4.318061
0.537080 6.720746
