# Random Start on ZDT1 - All evaluated solutions
0.696469 0.286139 0.226851 0.551315 0.719469
0.423106 0.980764 0.684830 0.480932 0.392118
0.343178 0.729050 0.438572 0.059678 0.398044
0.737995 0.182492 0.175452 0.531551 0.531828
0.634401 0.849432 0.724455 0.611024 0.722443
0.322959 0.361789 0.228263 0.293714 0.630976
0.092105 0.433701 0.430863 0.493685 0.425830
0.312261 0.426351 0.893389 0.944160 0.501837
0.623953 0.115618 0.317285 0.414826 0.866309
0.250455 0.483034 0.985560 0.519485 0.612895
0.120629 0.826341 0.603060 0.545068 0.342764
0.304121 0.417022 0.681301 0.875457 0.510422
0.669314 0.585937 0.624904 0.674689 0.842342
0.083195 0.763683 0.243666 0.194223 0.572457
0.095713 0.885327 0.627249 0.723416 0.016129
0.594432 0.556785 0.158960 0.153071 0.695530
0.318766 0.691970 0.554383 0.388951 0.925132
0.841670 0.357398 0.043591 0.304768 0.398186
0.704959 0.995358 0.355915 0.762548 0.593177
0.691702 0.151127 0.398876 0.240856 0.343456
0.513128 0.666625 0.105908 0.130895 0.321981
0.661564 0.846506 0.553257 0.854452 0.384838
0.316788 0.354265 0.171082 0.829113 0.338671
0.552370 0.578551 0.521533 0.002688 0.988345
0.905342 0.207636 0.292489 0.520010 0.901911
0.983631 0.257542 0.564359 0.806969 0.394370
0.731073 0.161069 0.600699 0.865864 0.983522
0.079366 0.428347 0.204543 0.450636 0.547764
0.093327 0.296861 0.927584 0.569004 0.457412
0.753526 0.741862 0.048579 0.708697 0.839243
0.165938 0.780998 0.286537 0.306470 0.665261
0.111392 0.664872 0.887857 0.696311 0.440328
0.438214 0.765096 0.565642 0.084904 0.582671
0.814844 0.337066 0.927577 0.750717 0.574064
0.751644 0.079149 0.859389 0.821504 0.909872
0.128631 0.081780 0.138416 0.399379 0.424307
0.562218 0.122244 0.201400 0.811644 0.467988
0.807938 0.007426 0.551593 0.931932 0.582175
0.206096 0.717758 0.378986 0.668384 0.029320
0.635900 0.032198 0.744781 0.472913 0.121754
0.542636 0.066774 0.653365 0.996086 0.769397
0.573774 0.102635 0.699834 0.661168 0.049097
0.792299 0.518717 0.425868 0.788187 0.411569
0.481026 0.181629 0.321319 0.845533 0.186904
0.417291 0.989035 0.236600 0.916832 0.918397
0.091296 0.463653 0.502216 0.313669 0.047340
0.241686 0.095530 0.238250 0.807791 0.894978
0.043223 0.301947 0.980582 0.539505 0.626309
0.005545 0.484909 0.988329 0.375186 0.097038
0.461909 0.963004 0.341831 0.798923 0.798846
0.208248 0.443368 0.715601 0.410520 0.191007
0.967494 0.650750 0.865460 0.025242 0.266906
0.502071 0.067449 0.993033 0.236462 0.374292
0.214012 0.105446 0.232480 0.300610 0.634442
0.281235 0.362277 0.005943 0.365719 0.533886
0.162016 0.597433 0.293152 0.632050 0.026197
0.887593 0.016119 0.126958 0.777162 0.045895
0.710999 0.971046 0.871683 0.710162 0.958510
0.429813 0.872879 0.355958 0.929764 0.148778
0.940029 0.832716 0.846055 0.123923 0.596487
0.016392 0.721184 0.007738 0.084822 0.225498
0.875125 0.363576 0.539960 0.568103 0.225463
0.572147 0.660952 0.298245 0.418627 0.453089
0.932351 0.587494 0.948252 0.556035 0.500561
0.003532 0.480889 0.927455 0.198366 0.052091
0.406779 0.372396 0.857153 0.026611 0.920149
0.680903 0.904226 0.607529 0.811953 0.335544
0.349566 0.389874 0.754797 0.369291 0.242220
0.937668 0.908011 0.348797 0.634638 0.273842
0.206115 0.336340 0.327100 0.882276 0.822304
0.709623 0.959345 0.422543 0.245033 0.117398
0.301053 0.145264 0.092186 0.602932 0.364187
0.564570 0.191336 0.676906 0.215505 0.278024
0.741760 0.559738 0.334836 0.542989 0.693985
0.912132 0.580713 0.232686 0.746698 0.777769
0.200401 0.820574 0.464935 0.779767 0.237478
0.332580 0.953697 0.657815 0.772878 0.688374
0.204304 0.470689 0.808964 0.675035 0.006028
0.087408 0.346795 0.944366 0.491190 0.270176
0.360424 0.210653 0.421200 0.218035 0.845753
0.456271 0.279802 0.932892 0.314351 0.909715
0.043418 0.707115 0.483889 0.444221 0.036323
0.040683 0.332754 0.947120 0.617660 0.368875
0.611977 0.206132 0.165066 0.361817 0.863353
0.509402 0.296902 0.950252 0.815966 0.322974
0.972098 0.987351 0.408660 0.655923 0.405653
0.257348 0.082653 0.263610 0.271480 0.398639
0.184886 0.953818 0.102880 0.625209 0.441697
0.423518 0.371992 0.868315 0.280477 0.020576
0.918097 0.864480 0.276902 0.523488 0.109088
0.093427 0.837466 0.410266 0.661717 0.943201
0.245131 0.013160 0.024148 0.709386 0.924552
0.467330 0.375109 0.542860 0.858917 0.652154
0.232980 0.774580 0.134613 0.165560 0.612682
0.238783 0.704779 0.349519 0.277424 0.998918
0.040616 0.645823 0.038700 0.760210 0.230090
0.089832 0.648450 0.732601 0.678095 0.051901
0.294307 0.451088 0.287103 0.810513 0.131115
0.612179 0.988215 0.902557 0.222157 0.000082
0.980597 0.882713 0.919472 0.415504 0.744615
0.212831 0.392304 0.851548 0.127612 0.893865
0.496508 0.426096 0.305646 0.916849 0.517623
0.804026 0.857652 0.922382 0.303381 0.339811
0.595074 0.441324 0.932843 0.397564 0.477778
0.617186 0.404739 0.992478 0.098851 0.220603
0.322655 0.147723 0.284219 0.779245 0.522892
0.033954 0.982623 0.616006 0.058939 0.661169
0.378369 0.135673 0.563665 0.727080 0.671127
0.247513 0.524866 0.537663 0.716803 0.359867
0.797733 0.627922 0.038332 0.546479 0.861912
0.567574 0.175828 0.510376 0.756946 0.110105
0.817099 0.167482 0.534076 0.385743 0.248624
0.647433 0.037392 0.760046 0.526941 0.875771
0.520718 0.035033 0.143601 0.795605 0.491976
0.441879 0.318435 0.284549 0.965886 0.432969
0.884003 0.648163 0.858428 0.852450 0.956312
0.697942 0.805397 0.733128 0.605227 0.717354
0.715750 0.040908 0.516111 0.792651 0.242962
0.465148 0.434986 0.402787 0.121840 0.525712
0.446248 0.663393 0.549413 0.027543 0.031918
0.701360 0.707581 0.959939 0.876705 0.468060
0.625907 0.457182 0.222946 0.376677 0.103884
0.666527 0.192030 0.475468 0.967437 0.031669
0.151730 0.298579 0.941807 0.908842 0.162001
0.981118 0.750748 0.539977 0.931703 0.880607
0.391316 0.656343 0.647385 0.326968 0.179390
0.466810 0.263281 0.355065 0.954144 0.461138
0.684891 0.336230 0.995861 0.658768 0.196009
0.098184 0.943181 0.944778 0.621328 0.016991
0.225535 0.801277 0.875460 0.453990 0.365521
0.274225 0.116971 0.115745 0.952603 0.808626
0.164779 0.207050 0.655552 0.764664 0.810315
0.163338 0.984128 0.227802 0.589415 0.587616
0.967362 0.657667 0.584904 0.518773 0.764658
0.106055 0.002092 0.952489 0.498658 0.328335
0.368053 0.803843 0.382370 0.770169 0.440462
0.844077 0.076204 0.481128 0.466850 0.264328
0.943615 0.905028 0.443596 0.097160 0.206783
0.271492 0.484220 0.338377 0.774136 0.476027
0.870371 0.995782 0.219836 0.611671 0.847502
0.945237 0.290086 0.727043 0.015016 0.879142
0.063939 0.733395 0.994610 0.501190 0.209334
0.594644 0.624150 0.668073 0.172612 0.898713
0.620991 0.043569 0.684041 0.196084 0.027341
0.550953 0.813314 0.859941 0.103521 0.663043
0.710075 0.294517 0.971364 0.278687 0.069982
0.519280 0.694315 0.244660 0.338582 0.563628
0.886678 0.747326 0.209592 0.251777 0.523881
0.768959 0.618762 0.501324 0.597125 0.756060
0.537080 0.897753 0.947067 0.915355 0.754518
