#
-7.67418 -5.40563 
-7.79944 -4.46944 
-8.76268 -0.684217 
-7.56252 -6.22309 
-7.36967 -7.36123 
-8.20922 -3.0686 
-8.16047 -3.30769 
-8.63686 -1.12814 
-7.43861 -7.02934 
-7.87186 -3.94238 
-7.7848 -4.57424 
-7.63427 -5.70505 
-8.7526 -0.719474 
-8.50585 -1.64864 
-8.90812 -0.299619 
-7.88166 -3.86531 
-8.65679 -1.05238 
-7.73512 -4.95439 
-7.69141 -5.25607 
-8.26505 -2.84098 
-8.37282 -2.30882 
-7.54236 -6.36237 
-8.04044 -3.71811 
-8.54295 -1.49541 
-7.23667 -7.74478 
-7.85424 -4.06156 
-8.56041 -1.38814 
-7.48452 -6.75357 
-7.84716 -4.11936 
-7.41472 -7.14384 
-7.61263 -5.86914 
-9.03065 -0.0521966 
-7.67591 -5.39699 
-8.41392 -2.10955 
-8.14755 -3.31512 
-8.09998 -3.52516 
-7.84004 -4.17043 
-8.68832 -0.911859 
-7.77521 -4.65312 
-7.78593 -4.55451 
-7.27177 -7.69737 
-7.82072 -4.3048 
-8.52708 -1.50958 
-7.86122 -3.99493 
-8.98781 -0.143394 
-8.29241 -2.67094 
-8.35901 -2.359 
-7.34304 -7.49439 
-8.4895 -1.7401 
-7.52408 -6.49823 
-7.87897 -3.88832 
-9.02405 -0.0664451 
-8.9115 -0.284532 
-7.83275 -4.19884 
-8.2147 -3.03875 
-8.69971 -0.885883 
-7.57432 -6.13569 
-7.75502 -4.79281 
-8.38992 -2.16629 
-7.7081 -5.15547 
-7.44569 -6.97212 
-7.83213 -4.23094 
-8.80262 -0.569919 
-7.40023 -7.23983 
-7.5927 -5.99842 
-7.95985 -3.85414 
-7.87829 -3.89556 
-7.64184 -5.65355 
-9.05505 -0.0276709 
-7.47413 -6.81717 
-7.4439 -6.97771 
-8.81398 -0.528638 
-7.70466 -5.18156 
-9.98896 0.0214041 
-8.46259 -1.8555 
-7.29809 -7.64031 
-8.43515 -1.9803 
-8.16842 -3.27588 
-8.19549 -3.16285 
-8.12006 -3.47812 
-8.8645 -0.415581 
-7.76133 -4.75391 
-8.04087 -3.70564 
-7.66399 -5.47104 
-7.58888 -6.04347 
-7.71457 -5.0612 
-8.41496 -2.10432 
-8.59604 -1.28984 
-7.81163 -4.38035 
-7.66717 -5.46622 
-8.22676 -3.01416 
-8.30257 -2.65326 
-8.58546 -1.31272 
-7.25997 -7.71109 
-7.50839 -6.59283 
-8.4976 -1.68863 
-7.75971 -4.76792 
-7.86481 -3.99133 
-8.96616 -0.153101 
-7.38297 -7.31349 
-7.56666 -6.20296 
-8.1033 -3.51691 
-8.24854 -2.92223 
-8.31104 -2.60066 
-7.82472 -4.28468 
-8.99097 -0.129326 
-8.72381 -0.824738 
-8.12085 -3.44174 
-8.71454 -0.840274 
-7.79896 -4.47596 
-8.06531 -3.67169 
-8.92769 -0.260486 
-8.64146 -1.08162 
-8.00662 -3.80393 
-8.87423 -0.391786 
-7.84418 -4.13656 
-8.50704 -1.63883 
-8.61572 -1.20306 
-7.54619 -6.34602 
-7.78093 -4.60151 
-7.75771 -4.77873 
-7.51292 -6.56745 
-8.16182 -3.28461 
-9.04248 -0.0280192 
-7.36436 -7.4073 
-8.52569 -1.54357 
-7.32139 -7.56319 
-7.28032 -7.66062 
-8.4204 -2.02828 
-8.83627 -0.484894 
-8.33973 -2.46463 
-7.80681 -4.39967 
-7.80629 -4.41487 
-7.32992 -7.5344 
-8.5523 -1.46316 
-7.43562 -7.04777 
-7.61444 -5.8566 
-7.97344 -3.84549 
-8.02925 -3.74009 
-7.72571 -5.02225 
-7.69721 -5.24036 
-7.4591 -6.91348 
-7.85328 -4.07666 
-8.81939 -0.523777 
-8.3273 -2.52095 
-8.94725 -0.202214 
-7.86677 -3.97645 
-7.93025 -3.86307 
-8.60413 -1.22146 
-8.45806 -1.86265 
-7.72799 -5.00506 
-7.74604 -4.84746 
-8.66807 -1.01332 
-7.64256 -5.59286 
-7.59394 -5.99841 
-7.87273 -3.90722 
-8.77094 -0.661667 
-7.46276 -6.86904 
-7.41888 -7.14263 
-8.13966 -3.39181 
-8.78298 -0.640023 
-7.69443 -5.25125 
-8.3608 -2.3195 
-7.63332 -5.71886 
-7.65309 -5.56297 
-7.49074 -6.6846 
-8.91517 -0.269477 
-7.97544 -3.83833 
-8.0575 -3.67478 
-7.50864 -6.57482 
-8.68481 -0.953949 
-8.38495 -2.23542 
-8.73185 -0.771228 
-8.51368 -1.63754 
-7.87202 -3.94114 
-7.38813 -7.29332 
-7.72875 -4.95883 
-7.28915 -7.64876 
-7.85961 -4.03015 
-8.44949 -1.92841 
-7.31546 -7.59022 
-8.53165 -1.50217 
-8.5641 -1.38264 
-7.778 -4.6305 
-8.68508 -0.914525 
-8.2576 -2.85111 
-8.74157 -0.722568 
-8.34504 -2.42437 
-8.62092 -1.15396 
-8.35906 -2.32591 
-8.20888 -3.09293 
-8.40017 -2.12454 
-8.87887 -0.363526 
-8.09362 -3.56684 
-7.817 -4.33681 
-7.84266 -4.14717 
-7.75289 -4.82003 
-7.77909 -4.62135 
-9.02564 -0.0617098 
-7.81946 -4.30572 
-7.61988 -5.79074 
-7.58002 -6.0998 
-7.78689 -4.53361 
-7.50145 -6.64817 
-8.59718 -1.23446 
-8.42809 -2.02442 
-8.96299 -0.196782 
-8.3887 -2.2149 
-8.47908 -1.76725 
-9.07515 0.012175 
-7.82879 -4.25419 
-7.65855 -5.52745 
-8.27166 -2.77326 
-8.23943 -2.95475 
-8.20149 -3.1319 
-7.65139 -5.58317 
-8.52353 -1.55473 
-8.55941 -1.43834 
-7.71061 -5.12646 
-7.74528 -4.87059 
-8.13509 -3.41807 
-8.62502 -1.15229 
-7.25231 -7.72995 
-8.67294 -0.961069 
-8.0159 -3.7665 
-8.14369 -3.36735 
-8.88445 -0.344696 
-7.52441 -6.48665 
-7.83712 -4.18289 
-8.99853 -0.106222 
-7.76331 -4.71496 
-8.11502 -3.49066 
-8.83807 -0.463841 
-8.57354 -1.31632 
-7.58258 -6.08942 
-7.55848 -6.25451 
-8.07947 -3.61337 
-7.79571 -4.4994 
-8.26794 -2.79792 
-8.1846 -3.19198 
-7.81685 -4.34343 
-8.47297 -1.81858 
-8.93461 -0.241962 
-8.73621 -0.750716 
-8.69843 -0.894407 
-7.35817 -7.43022 
-7.53959 -6.39134 
-7.76708 -4.70176 
-7.6044 -5.93185 
-8.72715 -0.81269 
-7.48931 -6.71724 
-7.82664 -4.26724 
-8.78955 -0.577725 
-8.93737 -0.227722 
-8.48489 -1.75519 
-8.94023 -0.21858 
-8.01824 -3.7658 
-7.80292 -4.43662 
-8.43703 -1.92955 
-7.84764 -4.1174 
-8.88635 -0.333383 
-8.04271 -3.69695 
-8.51912 -1.61525 
-8.592 -1.30836 
-7.56092 -6.24315 
-8.63272 -1.14705 
-7.22417 -7.74771 
-7.75027 -4.84015 
-8.84985 -0.43499 
-7.74282 -4.89286 
-9.05505 -0.0230261 
-8.17313 -3.2676 
-7.85827 -4.03636 
-7.47345 -6.82631 
-9.08754 0.0137972 
-8.21332 -3.05172 
-8.28856 -2.72438 
-8.57264 -1.36366 
-8.66125 -1.02415 
-7.72321 -5.04382 
-7.33541 -7.51503 
-7.87243 -3.92598 
-8.28005 -2.74204 
-7.82158 -4.29327 
-7.77242 -4.66865 
-7.37838 -7.34475 
-7.31188 -7.59576 
-7.79286 -4.52039 
-7.81474 -4.35657 
-8.45532 -1.89988 
-7.98518 -3.81994 
-8.61812 -1.1564 
-7.27371 -7.69162 
-8.6132 -1.21303 
-7.49876 -6.66317 
-7.99588 -3.81356 
-7.34549 -7.47137 
-7.62687 -5.76091 
-7.87978 -3.88467 
-8.38567 -2.21858 
-7.68943 -5.29356 
-7.71044 -5.13005 
-8.03915 -3.72627 
-7.71933 -5.04605 
-7.73645 -4.9268 
-7.52688 -6.47353 
-7.41003 -7.14954 
-8.81303 -0.532665 
-8.31792 -2.57364 
-7.68128 -5.3597 
-7.79988 -4.46527 
-8.23209 -2.96156 
#
