# ECAM on ZDT1 - All objectives
4.988004739856349845e-01 2.738683147001292895e+00
5.136896096843712733e-01 2.923220265457780354e+00
5.284043190471848783e-01 2.480607652294446019e+00
4.663901777292556172e-01 2.947920340873180667e+00
5.761258039065291214e-01 2.902149256493081086e+00
5.598490528971185043e-01 2.531062219674270697e+00
5.595917755670807292e-01 2.733760967618068083e+00
5.301189283603424673e-01 2.531971356269184348e+00
5.511320867590290273e-01 2.641185596040142247e+00
4.229758893819413612e-01 2.684385587918957761e+00
3.481805799348189345e-01 2.924928532638114032e+00
4.916382826378747350e-01 2.338049446982672475e+00
3.461342352727121985e-01 2.933730601976662022e+00
4.087985554201521987e-01 2.578976949194652590e+00
4.342275824706198772e-01 2.297984999643477355e+00
3.372914559693501735e-01 2.775471072953584972e+00
4.037974161625828007e-01 2.595874120468468327e+00
4.001441092002877009e-01 2.718184791141769363e+00
3.758486551399569664e-01 2.712424081648089125e+00
4.214613462399977029e-01 2.580752229844735179e+00
3.364106964219411577e-01 2.767888086615186705e+00
4.251573824482771657e-01 2.436225169171680083e+00
4.721890061777965775e-01 2.241996412473610700e+00
3.560300265937252351e-01 2.924397893741492283e+00
3.729921858883426533e-01 2.423111600990139003e+00
3.254035056822018324e-01 2.574201262963344394e+00
3.081090322249145363e-01 2.619875027276262092e+00
3.425193118162077610e-01 2.528573649937133183e+00
3.456765642052873067e-01 2.350000838104015610e+00
4.087035938844567617e-01 2.235370267620746976e+00
3.933088784410194161e-01 2.548892639350075040e+00
3.887199738592468368e-01 2.498123299413089526e+00
2.882641619938725031e-01 2.582073566530299846e+00
3.586514458775760250e-01 2.397889542853111511e+00
2.806210903751762409e-01 2.355251905230704601e+00
4.004229232703442332e-01 2.320837105542834955e+00
2.829743882310457592e-01 2.182950168018053638e+00
3.080157112241795891e-01 2.246995712002650247e+00
2.637433140537437937e-01 2.473065157083690568e+00
3.324201923345309617e-01 1.866000770658117869e+00
2.778872550948929265e-01 1.899326706047633762e+00
2.492020998598086234e-01 2.042101540007474458e+00
2.956842009051163789e-01 1.673088456133558166e+00
2.446726882921870239e-01 1.936529054560623742e+00
2.424624698480881968e-01 1.821794391953725611e+00
2.265502463288373569e-01 1.853079091236142117e+00
2.920139207001840043e-01 1.881612888554739627e+00
2.310173580246126790e-01 2.009027367597175928e+00
1.943017278277788806e-01 1.827149703064018249e+00
1.945399953432101481e-01 1.913776124723343131e+00
1.995915998516565038e-01 1.889821742613033928e+00
1.936716378492636670e-01 2.053197952907153123e+00
2.669670639396491407e-01 1.927057048410138362e+00
2.563471916389405414e-01 1.843355125312105214e+00
2.351022533844701057e-01 2.109414707513705967e+00
2.573726652713365093e-01 1.910091453898696612e+00
2.002063626750401892e-01 2.036876127557432969e+00
2.349166703288986524e-01 1.851755921916185876e+00
2.259609050871622116e-01 2.048183061847788533e+00
2.620363332885486396e-01 1.913599570556625773e+00
2.637613359250879363e-01 1.803351233784451058e+00
2.790927113015636563e-01 1.816625771437333059e+00
2.697225205608282939e-01 1.898995869576753925e+00
2.606691782286712500e-01 1.751713535133815558e+00
2.688601330047752924e-01 1.836201825572783441e+00
2.275852620520560365e-01 1.930095483781850918e+00
2.250680444971975003e-01 1.817447953861747179e+00
2.035477493910806956e-01 1.953143551674687339e+00
2.074742980205799836e-01 1.795117674094144355e+00
2.151718450040425445e-01 1.771594111954811535e+00
1.976750039680278681e-01 1.800021652595968691e+00
1.850275726001837928e-01 1.864880935521589844e+00
2.038697562794525853e-01 1.811691645389151839e+00
1.856991767690978623e-01 1.787255878368720241e+00
1.908477018446883555e-01 1.814725618282132746e+00
2.023453267991288107e-01 1.825264981942622766e+00
2.091982154279007355e-01 1.797843636072376183e+00
1.856527929611749561e-01 1.776055402891692392e+00
1.647508935978407030e-01 1.757884269074985406e+00
1.479966898919067297e-01 1.743330084761428145e+00
1.518079751938617994e-01 1.777818317101860002e+00
1.563040200426727144e-01 1.808760498835047859e+00
1.640542163024908406e-01 1.711521023982069289e+00
1.423868176957530374e-01 1.790751624438478684e+00
1.378525630621483811e-01 1.787126020401366810e+00
1.508287715766712389e-01 1.697567321055891920e+00
1.396233121895339435e-01 1.739459253236819380e+00
1.419005487197546600e-01 1.748101871310502764e+00
1.294212180042737803e-01 1.747785030027157349e+00
1.377375152752443321e-01 1.744826952995423452e+00
1.334367772612891634e-01 1.797936589565682253e+00
1.331777184387564761e-01 1.739061477203427852e+00
1.363628807945003740e-01 1.708367851914792457e+00
1.320458369753536587e-01 1.747454916021755178e+00
1.374800247975997425e-01 1.748009668603111244e+00
1.321346771154248145e-01 1.743576167012701905e+00
1.352714940157120072e-01 1.734986747420005804e+00
1.354357652107419652e-01 1.740518844721167246e+00
1.313019083912027041e-01 1.751787272015750574e+00
1.329827255597257063e-01 1.740944381771877714e+00
