# ECAM on ZDT1 - All solutions
4.988004739856349845e-01 3.395662765668547856e-01 9.041025912873924819e-02 5.252251767205191602e-01 4.595451417656359894e-01
5.136896096843712733e-01 3.092699652268877109e-01 1.563055683017268715e-01 6.136864471233852703e-01 4.461168027357741983e-01
5.284043190471848783e-01 2.473902260350949178e-01 7.152897184040815648e-02 5.114297217398089401e-01 4.673332809681693401e-01
4.663901777292556172e-01 3.717170955989123615e-01 1.592257309203156113e-01 4.788595777442025136e-01 4.909231468112781327e-01
5.761258039065291214e-01 2.983862570349062882e-01 1.378219856702825041e-01 5.741131604379570152e-01 5.518874807431769502e-01
5.598490528971185043e-01 3.830320418710038144e-01 6.952772596130507576e-02 4.824902316543693837e-01 4.133234149861724216e-01
5.595917755670807292e-01 2.789719559256788051e-01 7.766324288382346619e-02 6.061231484208828846e-01 4.957555097796746968e-01
5.301189283603424673e-01 3.288289522760682315e-01 4.820090387910646451e-02 5.165914961423685448e-01 4.332756647878678868e-01
5.511320867590290273e-01 3.569821590003474099e-01 5.514631883946541357e-02 5.081807348952538383e-01 4.816113845322333997e-01
4.229758893819413612e-01 3.197728422883771571e-01 1.181603407548555834e-01 4.548470668577808129e-01 4.326526787223539672e-01
3.481805799348189345e-01 3.550069645019280906e-01 9.805238390483538014e-02 5.404162885683664319e-01 3.945619685349808781e-01
4.916382826378747350e-01 3.546162947605440152e-01 1.120660404628450318e-01 3.779420590363172794e-01 3.481862233850109289e-01
3.461342352727121985e-01 3.300922284736727552e-01 1.960839570179041536e-01 5.010655999146707007e-01 3.635377658710525206e-01
4.087985554201521987e-01 2.473209464975264504e-01 7.114778392722261036e-02 4.488044648304602147e-01 4.906404055453093549e-01
4.342275824706198772e-01 2.129785837079298527e-01 1.110563791771681935e-01 3.925648306657396058e-01 4.111089990861289678e-01
3.372914559693501735e-01 3.275004768681248901e-01 5.851472257520757420e-02 4.549423215137525789e-01 4.595976816399943155e-01
4.037974161625828007e-01 1.931734445286791002e-01 7.008219350971384154e-02 5.154263177604536672e-01 4.841225999454606965e-01
4.001441092002877009e-01 2.080433292347207974e-01 1.142344479529347478e-01 5.143667449743332121e-01 4.878827836182353939e-01
3.758486551399569664e-01 2.863469372560954462e-01 1.449744631959937746e-01 4.298029350674724691e-01 4.399296790100306609e-01
4.214613462399977029e-01 2.028462556413589968e-01 5.301856432110935158e-02 4.730105448849548089e-01 5.402278814358766335e-01
3.364106964219411577e-01 2.645747635646605311e-01 1.360512312501907517e-01 4.010436219559253557e-01 4.941542132385792763e-01
4.251573824482771657e-01 2.701268081940369492e-01 6.126531717938618615e-02 4.121858339436286212e-01 4.513110905663627603e-01
4.721890061777965775e-01 1.706268302261022551e-01 1.011356101013420328e-01 4.181989732553246242e-01 4.361435022410673490e-01
3.560300265937252351e-01 2.526569607395943717e-01 1.255391503630853833e-01 4.605001523762476401e-01 5.560609875941001645e-01
3.729921858883426533e-01 2.176682253748495888e-01 1.058638750975317566e-01 3.941487642164103189e-01 4.282801852087863570e-01
3.254035056822018324e-01 1.947200007660872811e-01 6.505287562965081372e-02 4.336807075416113655e-01 4.916516518623808563e-01
3.081090322249145363e-01 1.905046041386688760e-01 1.468817586083345783e-01 3.977169302793763794e-01 4.584472054794650475e-01
3.425193118162077610e-01 2.280736950035549826e-01 8.259192474912474546e-02 3.964792585398439484e-01 4.688982791574198283e-01
3.456765642052873067e-01 1.960145982634343975e-01 6.135301354217948672e-02 3.800986034106921818e-01 4.472275235043966513e-01
4.087035938844567617e-01 1.713024160639859683e-01 7.370678741238395615e-02 4.059760399372204787e-01 4.233032248654883256e-01
3.933088784410194161e-01 2.323199582129343854e-01 1.255376847887121339e-01 4.318682438851651484e-01 4.395749779714154815e-01
3.887199738592468368e-01 2.306006523611026648e-01 9.316423305317955705e-02 4.192649247889708719e-01 4.555909282344350886e-01
2.882641619938725031e-01 1.857706310142626105e-01 6.699545671185266893e-02 4.206409561078254256e-01 4.825493042229438423e-01
3.586514458775760250e-01 2.468508644196441559e-01 8.247830095956022733e-02 3.328042273287680763e-01 4.586487146055552300e-01
2.806210903751762409e-01 1.646659355865167096e-01 0.000000000000000000e+00 4.046192702234812089e-01 4.620746460492138885e-01
4.004229232703442332e-01 1.780714046755206559e-01 9.009838147605693515e-02 4.234974680889851406e-01 4.219461715738038188e-01
2.829743882310457592e-01 1.845429991858745788e-01 2.618731699426998794e-02 3.262367226957513799e-01 4.065983474946572862e-01
3.080157112241795891e-01 2.140585447862085600e-01 3.196222180731697615e-02 3.650619155764867618e-01 3.876150940137985113e-01
2.637433140537437937e-01 2.358793012713451265e-01 4.341646749778486913e-02 3.565692352701765877e-01 4.411371858590921180e-01
3.324201923345309617e-01 1.561725664619228460e-01 0.000000000000000000e+00 3.063007102093196488e-01 3.540364880361763777e-01
2.778872550948929265e-01 1.250963798654714521e-01 2.685639897866937825e-02 2.914976344963058352e-01 3.467429794132443899e-01
2.492020998598086234e-01 1.616923438034450489e-01 7.922230450074295438e-02 2.432717439868820608e-01 3.562011875282978801e-01
2.956842009051163789e-01 7.436461229080548740e-02 0.000000000000000000e+00 2.816337414307676368e-01 3.282922269125898573e-01
2.446726882921870239e-01 1.458721267873757110e-01 2.283491542368890070e-02 3.044235259394270088e-01 3.082004639511929933e-01
2.424624698480881968e-01 1.327307368185048631e-01 0.000000000000000000e+00 2.927606289464796396e-01 2.938907034843650790e-01
2.265502463288373569e-01 1.059900487693911653e-01 2.925595854607223115e-02 2.976559127823709128e-01 2.889261333094565454e-01
2.920139207001840043e-01 1.559652079930367030e-01 0.000000000000000000e+00 2.991698316881292175e-01 3.373611823885520611e-01
2.310173580246126790e-01 1.647363196656742579e-01 0.000000000000000000e+00 3.329049359010088915e-01 3.092576882579632369e-01
1.943017278277788806e-01 1.271396014798151231e-01 4.578836264172028020e-02 2.577715483390592976e-01 2.484129345707655201e-01
1.945399953432101481e-01 9.170173333338542399e-02 4.753842559761294745e-02 3.050796480272335298e-01 2.796443937153761938e-01
1.995915998516565038e-01 1.020187067911115936e-01 2.291132960138439131e-02 2.634772394138747420e-01 3.279628289937799868e-01
1.936716378492636670e-01 1.692173325746401114e-01 4.421487336476094543e-02 2.781372704837178356e-01 3.031050198469799617e-01
2.669670639396491407e-01 1.414436336836980834e-01 3.765761330242157340e-02 2.762674027459077752e-01 3.402379504732032656e-01
2.563471916389405414e-01 9.124987567414058476e-02 2.916674666952656300e-02 2.882719036793670586e-01 3.338851391230174825e-01
2.351022533844701057e-01 1.695726327894128138e-01 4.174558304983450735e-02 3.187749475151183121e-01 3.325428865945631585e-01
2.573726652713365093e-01 1.683852153529344087e-01 2.482072815756347639e-02 3.047387731157888968e-01 2.805597570648228900e-01
2.002063626750401892e-01 9.433747940060566162e-02 2.852257736796633483e-02 3.357184523566245637e-01 3.340287577901169258e-01
2.349166703288986524e-01 1.604782177999048709e-01 0.000000000000000000e+00 2.741043568463549795e-01 2.939255166896271865e-01
2.259609050871622116e-01 1.589317999356108790e-01 3.326780920069098008e-02 3.208298649596189045e-01 3.095403763156105992e-01
2.620363332885486396e-01 1.266535806374873840e-01 3.323606563929285690e-02 3.073158285414407387e-01 3.171302959956835421e-01
2.637613359250879363e-01 1.027728929532565616e-01 1.851815677178938330e-02 3.274214924105542379e-01 2.790229441863590898e-01
2.790927113015636563e-01 1.231988453800784700e-01 9.500594367506264362e-03 3.032501636241795584e-01 3.115000315869692615e-01
2.697225205608282939e-01 1.644030658409013634e-01 1.283387941812811663e-02 3.037720094256903258e-01 3.021624175785865285e-01
2.606691782286712500e-01 1.428784892782002935e-01 0.000000000000000000e+00 2.576034629291870104e-01 2.974014508474624452e-01
2.688601330047752924e-01 1.342554112590176041e-01 0.000000000000000000e+00 3.249884030432385607e-01 2.900899477117181990e-01
2.275852620520560365e-01 1.314993089057967524e-01 2.339107111487121610e-02 3.064928565870471133e-01 3.014406585015545481e-01
2.250680444971975003e-01 1.166238643986284157e-01 0.000000000000000000e+00 3.193447954120787746e-01 2.659764908095711977e-01
2.035477493910806956e-01 1.050240158932395362e-01 5.346169929181300920e-03 3.464227951622673163e-01 2.959182922285600870e-01
2.074742980205799836e-01 9.852683188790774260e-02 0.000000000000000000e+00 3.307178778018419196e-01 2.453722155584824038e-01
2.151718450040425445e-01 7.719898294294205709e-02 2.684278196182232276e-02 3.033543101494918237e-01 2.618906825105150604e-01
1.976750039680278681e-01 1.017916906447111219e-01 0.000000000000000000e+00 3.009957418874816826e-01 2.654339029059902821e-01
1.850275726001837928e-01 1.264126912892855337e-01 0.000000000000000000e+00 3.227010582264982497e-01 2.406856127575438264e-01
2.038697562794525853e-01 1.089937887596868910e-01 2.214414399217076029e-02 3.313459542157807247e-01 2.174525046280829377e-01
1.856991767690978623e-01 8.206395822812988239e-02 4.482400113475694219e-03 3.364165849878529291e-01 2.275438908452837861e-01
1.908477018446883555e-01 8.532490367736897396e-02 3.192565474748874400e-03 3.421658119061801728e-01 2.388007071715782526e-01
2.023453267991288107e-01 1.039075129581184809e-01 2.910674703172722380e-02 3.478152400412666823e-01 2.047393735706523610e-01
2.091982154279007355e-01 8.640669672815441682e-02 0.000000000000000000e+00 3.475529022796791101e-01 2.436286145675128911e-01
1.856527929611749561e-01 8.449129846808095534e-02 0.000000000000000000e+00 3.411044860086889785e-01 2.190963480365910876e-01
1.647508935978407030e-01 8.226869890944506214e-02 7.692180065294821484e-04 3.333515217496787475e-01 1.990260468511963199e-01
1.479966898919067297e-01 6.236701327719121335e-02 1.138796716061793923e-03 3.288608928592227643e-01 1.990262849573168069e-01
1.518079751938617994e-01 7.863908323628784891e-02 5.818599253342768458e-03 3.423021369405566117e-01 1.860155599354838540e-01
1.563040200426727144e-01 7.166485720112214519e-02 1.400162622332648543e-02 3.324364214569499598e-01 2.149354269583408361e-01
1.640542163024908406e-01 4.921339596445364895e-02 4.292621535850980712e-03 3.431946390560802751e-01 1.942986155419137995e-01
1.423868176957530374e-01 5.924501252232353132e-02 0.000000000000000000e+00 3.422514567851328571e-01 2.082341877279030862e-01
1.378525630621483811e-01 6.602738552867778998e-02 1.701522745099628628e-02 3.160322549031265860e-01 2.041081568492148501e-01
1.508287715766712389e-01 5.116388911435561931e-02 0.000000000000000000e+00 3.313859923274191099e-01 1.883730469329156776e-01
1.396233121895339435e-01 5.900796949770673039e-02 0.000000000000000000e+00 3.248491126074684043e-01 1.970355937220321652e-01
1.419005487197546600e-01 6.052233291721080544e-02 0.000000000000000000e+00 3.348500173980602512e-01 1.922424091995890982e-01
1.294212180042737803e-01 4.841099783005705509e-02 6.971818118808696674e-04 3.303838248892611573e-01 1.949449138128873105e-01
1.377375152752443321e-01 6.641923103221657188e-02 0.000000000000000000e+00 3.162139007599157337e-01 1.990300719044311162e-01
1.334367772612891634e-01 6.191543048755984713e-02 5.696856461324195132e-03 3.319156580832393622e-01 2.044654050047813587e-01
1.331777184387564761e-01 5.191380018084953279e-02 2.962915810273455530e-04 3.186217149340648258e-01 2.031628968283361036e-01
1.363628807945003740e-01 4.893751316840645044e-02 0.000000000000000000e+00 3.116863897888391688e-01 2.011531810207074222e-01
1.320458369753536587e-01 5.438204476953580058e-02 2.083093631119975996e-03 3.194037708409147580e-01 2.011765232552664706e-01
1.374800247975997425e-01 4.877677325940540931e-02 4.284822869712874398e-03 3.218670838716751748e-01 2.080786312455677467e-01
1.321346771154248145e-01 5.151827894547874459e-02 2.770888704234218680e-03 3.191755646719482975e-01 2.017154414359086101e-01
1.352714940157120072e-01 4.999992207251485743e-02 1.746924800214790007e-03 3.154142298174156256e-01 2.069605413055794763e-01
1.354357652107419652e-01 5.290589694115608449e-02 4.665420532536426724e-04 3.180214016414346645e-01 2.056973875931917273e-01
1.313019083912027041e-01 5.317433094474223465e-02 2.036840325704237717e-03 3.200244667185583869e-01 2.032121388116907845e-01
1.329827255597257063e-01 5.266848231091559446e-02 2.388516013691441460e-04 3.192279768186750966e-01 2.026063914734899662e-01
