# ECAM on ZDT2 - All objectives
4.988161267241538188e-01 5.844434855024378095e+00
4.024131002088138231e-01 5.518283107225976813e+00
3.863497596463885686e-01 5.201219399032841473e+00
3.654631384040522568e-01 5.073230355795737445e+00
4.111030825167442670e-01 5.445584054372993421e+00
4.367446527982803972e-01 5.224250108621492750e+00
3.925350722496094846e-01 5.005034298104414248e+00
3.328847248991413932e-01 5.085483550296710398e+00
3.247050610783998592e-01 5.556804192532273312e+00
3.160962151936702602e-01 5.063463659218755630e+00
3.372390257819736781e-01 5.079929639562789312e+00
2.660351717975153463e-01 5.054266493792648696e+00
3.316314061906334154e-01 5.056182094857651244e+00
2.497617242097675549e-01 5.200624977369374236e+00
2.917074394559986961e-01 4.450337404158784871e+00
1.824396528301012732e-01 5.175179742753982737e+00
2.031806454254223293e-01 4.842364475091165410e+00
2.375346139457702732e-01 4.876914534380055954e+00
2.467186652714007111e-01 4.759337851833528532e+00
1.659414617209421794e-01 4.460409545861051761e+00
1.054908749044363714e-01 4.612228809355968906e+00
2.049432089733626006e-01 4.221267547968606593e+00
2.154044695861657699e-01 4.383005563352166511e+00
2.185211335488226880e-01 4.221025972853356123e+00
1.577961545320208936e-01 4.701020643700744905e+00
1.812986593746107322e-01 4.328533052902731271e+00
2.156075440526974141e-01 4.476413431877972471e+00
1.026843860888314447e-01 4.584544412742626918e+00
1.645771197274219777e-01 4.415268621563878781e+00
2.016938903963629570e-01 4.355024379219050168e+00
2.021379819871567951e-01 4.173857774514856622e+00
1.052988165567156909e-01 3.869226764357557524e+00
1.152993726037904454e-01 3.782511192697146196e+00
9.192219595654028963e-02 3.906697356564869938e+00
7.487711503397530277e-02 3.570757221025573802e+00
9.461162159201290389e-02 3.709061060728747528e+00
1.016531201059245187e-01 3.738495437573720714e+00
2.816103083228731208e-02 3.242246288142856425e+00
1.803014134430704768e-03 3.364025791040305968e+00
6.839460989013054770e-02 3.101964101113297012e+00
6.842931684266269354e-02 3.163244095020625313e+00
6.775449953216794441e-02 3.390884917195824855e+00
6.375623708439806525e-02 3.431564080268878492e+00
4.411291635507379183e-02 3.102940435856904156e+00
7.920721584661261083e-02 3.183087349820828749e+00
9.816302368331749489e-03 3.231093338279025229e+00
3.039840973466552063e-02 3.347732897994851520e+00
0.000000000000000000e+00 3.113314533421683183e+00
3.119211470111837511e-02 3.293415058165873877e+00
0.000000000000000000e+00 3.077522263112954182e+00
0.000000000000000000e+00 2.990079960508076340e+00
3.308301633041493134e-02 2.896599566032220352e+00
0.000000000000000000e+00 2.845792817493571381e+00
3.824422700947346931e-02 2.854012235676953502e+00
0.000000000000000000e+00 2.877810174748911543e+00
0.000000000000000000e+00 2.883783652107829276e+00
0.000000000000000000e+00 2.784999835359165843e+00
0.000000000000000000e+00 2.905598077143704661e+00
3.866202772067024035e-02 2.720188371043084086e+00
3.624239341879375437e-02 2.688927283407531732e+00
0.000000000000000000e+00 2.664234408482785810e+00
0.000000000000000000e+00 2.679319430413339198e+00
0.000000000000000000e+00 2.806970294341198269e+00
0.000000000000000000e+00 2.794777006100526595e+00
0.000000000000000000e+00 2.796416901295966095e+00
0.000000000000000000e+00 2.578895048527813927e+00
1.780818967698523034e-02 2.550445279209168525e+00
2.967342576509034852e-02 2.687213699028875080e+00
4.394624935646830599e-03 2.553575552710787733e+00
8.468970441477851382e-04 2.675173422532888257e+00
0.000000000000000000e+00 2.679526813834569143e+00
0.000000000000000000e+00 2.609377505288752008e+00
0.000000000000000000e+00 2.592464169802244367e+00
2.335243240108361359e-02 2.603998205646854913e+00
2.532698632186604348e-02 2.540991007985071271e+00
0.000000000000000000e+00 2.667861761803092868e+00
2.268620978979682748e-02 2.584078067847114024e+00
3.449771475721965424e-04 2.592480974466233601e+00
4.001397344284412030e-03 2.578171633485237813e+00
0.000000000000000000e+00 2.596195793718307776e+00
0.000000000000000000e+00 2.571961425359809095e+00
0.000000000000000000e+00 2.622202124939045476e+00
1.673054797329500201e-02 2.603402829332941426e+00
0.000000000000000000e+00 2.556492706376124691e+00
0.000000000000000000e+00 2.568828265235912678e+00
1.185077369066457088e-02 2.608961094148468440e+00
1.771832376612271194e-03 2.533374146292893148e+00
2.363422168122336370e-03 2.547610969756248345e+00
0.000000000000000000e+00 2.594902954954841690e+00
3.504506390776721426e-03 2.613715563384984009e+00
0.000000000000000000e+00 2.607546582338422070e+00
5.726065265352867084e-03 2.547863738279149803e+00
0.000000000000000000e+00 2.568462455209211015e+00
0.000000000000000000e+00 2.584993781520051215e+00
0.000000000000000000e+00 2.541243049415756960e+00
0.000000000000000000e+00 2.520575051650324028e+00
0.000000000000000000e+00 2.526096351451983857e+00
0.000000000000000000e+00 2.508992088238123586e+00
0.000000000000000000e+00 2.498484141934772307e+00
0.000000000000000000e+00 2.501672057497046353e+00
