# ECAM on ZDT2 - All solutions
4.988161267241538188e-01 6.026418528531872765e-01 6.016209035188057053e-01 4.425254405674177161e-01 5.250796165899744850e-01
4.024131002088138231e-01 5.909752095341567202e-01 5.403466405716476073e-01 4.039880876815822308e-01 4.857896643526804503e-01
3.863497596463885686e-01 5.064103768530350269e-01 4.552037689593637637e-01 4.037449000276368549e-01 5.145347644926676622e-01
3.654631384040522568e-01 4.109671569070625918e-01 5.270061370008652935e-01 3.121445735442194280e-01 5.718475576955115436e-01
4.111030825167442670e-01 4.415078589215445937e-01 6.085848943994309757e-01 3.343201712371409728e-01 6.051179826283445973e-01
4.367446527982803972e-01 4.893795806990841601e-01 5.646128095069958830e-01 2.374893840814425727e-01 6.020782568049981576e-01
3.925350722496094846e-01 4.489592991876226735e-01 6.129414463736775343e-01 2.228892023986621118e-01 5.088247143136452877e-01
3.328847248991413932e-01 4.495713798704423780e-01 5.801814825251611074e-01 3.001768003847342103e-01 4.954840662276763785e-01
3.247050610783998592e-01 4.219615446673527503e-01 5.736812241970007387e-01 3.883350789930369862e-01 6.496726359714161125e-01
3.160962151936702602e-01 4.390887600174587235e-01 5.127896134284275487e-01 3.410328915836443042e-01 5.218088463092264151e-01
3.372390257819736781e-01 4.663063176326949222e-01 5.782804527027906039e-01 3.455685758034552912e-01 4.330535286721091115e-01
2.660351717975153463e-01 4.691324008419794911e-01 4.702609511493988093e-01 4.098059679473778361e-01 4.589032915788252565e-01
3.316314061906334154e-01 4.810438459771889663e-01 5.539193386146422649e-01 3.923240962933395859e-01 3.850864021578274676e-01
2.497617242097675549e-01 4.892987935646896935e-01 4.548234417400431329e-01 3.855853249060853249e-01 5.425556965756955785e-01
2.917074394559986961e-01 3.949349369718390124e-01 4.334856856984484197e-01 3.239195338245106637e-01 3.896049885505833976e-01
1.824396528301012732e-01 5.292451155140275310e-01 4.746564442597591693e-01 3.348586737736402030e-01 5.197301135699871066e-01
2.031806454254223293e-01 4.571076650745736769e-01 4.745269083597355997e-01 3.717488020778395574e-01 4.081165222488886690e-01
2.375346139457702732e-01 4.962565865624959383e-01 4.264503558694618390e-01 4.371310980469599317e-01 3.683648752548568384e-01
2.467186652714007111e-01 4.326072164329733960e-01 4.994865889835573558e-01 3.571010466502518854e-01 3.872910507830283899e-01
1.659414617209421794e-01 3.841471438767142255e-01 4.050471359361181301e-01 3.212136783395957984e-01 4.302918535858820670e-01
1.054908749044363714e-01 3.911345188636959347e-01 4.018585421372476429e-01 3.305177007231478448e-01 4.829960539452713419e-01
2.049432089733626006e-01 3.445132153064539571e-01 4.056096555719195806e-01 2.954811972544906795e-01 3.904822562246035300e-01
2.154044695861657699e-01 3.849203346892819955e-01 4.520651227631908298e-01 2.565182809501506123e-01 4.147479291808549018e-01
2.185211335488226880e-01 4.386915550644935879e-01 3.709659689436506924e-01 2.450400359393284377e-01 3.818840322922375519e-01
1.577961545320208936e-01 4.379692196766702406e-01 4.406751057969754970e-01 3.925031297688853504e-01 3.761020256546800944e-01
1.812986593746107322e-01 3.425681090841852239e-01 4.362093779017259809e-01 2.650143943107754474e-01 4.389251812020900090e-01
2.156075440526974141e-01 4.019928936869804348e-01 3.425641970800067937e-01 3.784603236762156819e-01 4.266600261561852570e-01
1.026843860888314447e-01 3.944769949915246099e-01 4.248548225540921819e-01 3.490026666293865043e-01 4.258180400979789670e-01
1.645771197274219777e-01 3.496512587827869112e-01 3.767063622994842320e-01 3.498311674337979404e-01 4.444310598417330338e-01
2.016938903963629570e-01 3.652158916737958116e-01 4.074913614864885125e-01 3.053125034148397310e-01 4.172448932115198073e-01
2.021379819871567951e-01 3.750632581459653059e-01 3.361796592386343541e-01 3.175328237295769185e-01 3.861684229994046258e-01
1.052988165567156909e-01 2.812098687222273630e-01 3.122636144749183496e-01 2.845684799554611399e-01 3.984426114347031089e-01
1.152993726037904454e-01 2.645553519076460081e-01 2.877995118060145407e-01 2.443949236890277932e-01 4.414824414893437909e-01
9.192219595654028963e-02 3.123474415742547583e-01 3.714505384994904458e-01 2.232005609386603640e-01 3.858276960639412945e-01
7.487711503397530277e-02 2.196723760243842749e-01 2.716238418256973208e-01 2.199095644978385777e-01 4.320505151720953618e-01
9.461162159201290389e-02 2.675240969623086107e-01 3.354976455199054075e-01 2.069282530527228325e-01 3.951490571117723394e-01
1.016531201059245187e-01 1.959896202748593608e-01 3.155479595603177256e-01 2.765563302629424625e-01 4.302427292728064900e-01
2.816103083228731208e-02 1.684451982544014625e-01 2.544470617247031607e-01 1.957664070887335239e-01 3.780039403433930745e-01
1.803014134430704768e-03 2.212585573784348891e-01 2.965738593542824875e-01 1.808541674287311163e-01 3.519919746830091900e-01
6.839460989013054770e-02 1.282084234255405630e-01 2.409725130596068465e-01 1.610269928150936669e-01 4.046682432781292249e-01
6.842931684266269354e-02 1.575281746334062372e-01 2.520310636577339225e-01 1.500868955371375268e-01 4.024532926694738832e-01
6.775449953216794441e-02 2.138736371481203269e-01 3.102195484574042372e-01 1.719509235955546944e-01 3.671728704865896420e-01
6.375623708439806525e-02 2.050766774798169489e-01 3.077184032829096694e-01 2.392039758657124593e-01 3.292223750279389960e-01
4.411291635507379183e-02 1.437851797266794518e-01 2.975156663011365166e-01 1.498035232041979303e-01 3.438144929538549111e-01
7.920721584661261083e-02 1.816767340193860270e-01 2.048686638203767729e-01 2.116328290750426055e-01 3.729582642400443571e-01
9.816302368331749489e-03 1.785939045532578540e-01 2.137538266041099366e-01 2.445637352785858809e-01 3.546988271915814672e-01
3.039840973466552063e-02 1.780724105248565337e-01 1.970036912630327708e-01 2.810390577945109380e-01 3.874443523443511506e-01
0.000000000000000000e+00 1.502922676090581167e-01 1.701417054390261530e-01 2.456433137155340507e-01 3.731736169793520852e-01
3.119211470111837511e-02 1.321640493055638577e-01 2.091766786110477172e-01 2.744374158817518561e-01 4.036487246019062058e-01
0.000000000000000000e+00 1.090830615484542909e-01 1.470154448705795480e-01 2.845819398335098227e-01 3.826627817976581691e-01
0.000000000000000000e+00 7.854683150935308500e-02 1.245971776966921934e-01 3.007655483087365300e-01 3.805704249332522160e-01
3.308301633041493134e-02 5.280229679299629220e-02 1.062021998880439411e-01 3.263735183576930710e-01 3.577230377461403932e-01
0.000000000000000000e+00 5.437165515328372389e-02 8.440816123895708567e-02 2.999659431548631350e-01 3.816066037833722446e-01
3.824422700947346931e-02 5.309500337396519387e-02 5.972170623239191067e-02 3.107166478138960741e-01 4.006998081503901910e-01
0.000000000000000000e+00 8.156184249444023426e-02 1.058868040563009649e-01 2.835157742535304171e-01 3.636178790841335662e-01
0.000000000000000000e+00 4.986198159254252166e-02 7.032462586151633221e-02 2.979868545080474607e-01 4.190637167524844386e-01
0.000000000000000000e+00 1.797005365228752233e-02 5.869173399577445188e-02 3.399732669843237298e-01 3.766982055272434238e-01
0.000000000000000000e+00 0.000000000000000000e+00 1.010853031911351368e-01 3.386907334112054246e-01 4.071564421281948509e-01
3.866202772067024035e-02 0.000000000000000000e+00 8.993295929298390778e-02 3.272468371834825196e-01 3.475925427887555097e-01
3.624239341879375437e-02 4.787624331883915535e-02 3.202145972895484999e-02 3.046736645473511196e-01 3.662800473288075342e-01
0.000000000000000000e+00 2.848267586086073583e-02 2.433319348578005109e-02 3.159829155085529528e-01 3.708609522482665399e-01
0.000000000000000000e+00 5.436398900084386809e-02 5.563137182296590266e-03 2.796466228620366756e-01 4.067904422496402272e-01
0.000000000000000000e+00 6.412574294029074751e-02 4.536159746598507347e-02 3.403686108143854638e-01 3.532419573754269071e-01
0.000000000000000000e+00 5.980112682599630219e-02 3.153856451927598142e-02 3.526538754746569304e-01 3.536851025580826091e-01
0.000000000000000000e+00 3.819170298250009615e-02 5.195202687846106615e-02 3.217157462983000760e-01 3.865480355278347879e-01
0.000000000000000000e+00 7.546891736587395261e-04 0.000000000000000000e+00 3.322468453381429154e-01 3.687295981672266132e-01
1.780818967698523034e-02 0.000000000000000000e+00 0.000000000000000000e+00 3.516047799888089576e-01 3.375372719115287135e-01
2.967342576509034852e-02 2.602152304724864723e-02 1.567691342564155738e-02 3.421307900958372450e-01 3.661891407362136142e-01
4.394624935646830599e-03 5.215982589971302798e-03 0.000000000000000000e+00 3.088817982747600888e-01 3.763836038920022053e-01
8.468970441477851382e-04 0.000000000000000000e+00 1.942300885842322342e-02 3.447567288571767863e-01 3.803419025690957245e-01
0.000000000000000000e+00 2.338220753352264827e-02 2.070107423267377594e-02 3.152014738862409793e-01 3.871716060518156644e-01
0.000000000000000000e+00 0.000000000000000000e+00 1.952179577319035353e-02 3.290684053483737825e-01 3.666886901178811886e-01
0.000000000000000000e+00 1.289610975044602759e-02 0.000000000000000000e+00 3.488885569814074161e-01 3.459771865135885527e-01
2.335243240108361359e-02 1.308605418591114559e-02 1.251760926214866071e-03 3.105927322314087635e-01 3.880506132859973811e-01
2.532698632186604348e-02 0.000000000000000000e+00 0.000000000000000000e+00 3.402927770751029701e-01 3.447043012546862628e-01
0.000000000000000000e+00 0.000000000000000000e+00 1.828819187045479036e-02 3.518876120717673306e-01 3.710960901924857946e-01
2.268620978979682748e-02 2.388262628898150941e-02 7.239097229782071735e-03 3.197539862854192338e-01 3.532474990404433912e-01
3.449771475721965424e-04 2.785608419583035598e-03 1.659766249665879786e-03 3.519382034726153408e-01 3.513857642455893160e-01
4.001397344284412030e-03 2.023985456174236600e-02 0.000000000000000000e+00 3.250519498167802057e-01 3.561205706238378399e-01
0.000000000000000000e+00 0.000000000000000000e+00 4.067486571645124831e-03 3.184936549777601655e-01 3.868592112142870132e-01
0.000000000000000000e+00 0.000000000000000000e+00 1.740406894935484297e-02 3.224336771450162509e-01 3.588117762877662265e-01
0.000000000000000000e+00 0.000000000000000000e+00 2.053203463346326557e-02 3.401529299552333296e-01 3.602937576064346725e-01
1.673054797329500201e-02 0.000000000000000000e+00 2.206701873991033860e-02 3.206308070112163233e-01 3.699734375127469166e-01
0.000000000000000000e+00 1.681170461085237759e-03 1.883600840896182058e-02 3.170401747594774888e-01 3.542171825376420613e-01
0.000000000000000000e+00 3.921019023713197618e-03 3.197080049708988375e-02 3.054907999278469455e-01 3.558743873228666921e-01
1.185077369066457088e-02 7.634589460508239833e-03 2.794913171136245711e-02 3.313035182069538065e-01 3.482305042721474675e-01
1.771832376612271194e-03 0.000000000000000000e+00 1.460582180023464391e-02 3.122938418818143602e-01 3.546005076535981293e-01
2.363422168122336370e-03 0.000000000000000000e+00 1.826848496788576262e-02 3.206737005941913132e-01 3.488858865731797043e-01
0.000000000000000000e+00 2.554217710883456820e-03 2.814113576763362448e-02 3.243156919564659235e-01 3.538347123227245095e-01
3.504506390776721426e-03 7.920080245435272281e-03 2.419275398002600219e-02 3.238629876351277748e-01 3.612331835917352851e-01
0.000000000000000000e+00 9.625944147177944304e-03 2.664735056909143390e-02 3.222678600578885444e-01 3.559239929318075424e-01
5.726065265352867084e-03 0.000000000000000000e+00 1.045681090767346978e-02 3.198677706061247017e-01 3.576205771372750752e-01
0.000000000000000000e+00 0.000000000000000000e+00 2.020694935191746228e-02 3.184446030149444273e-01 3.584428721705652521e-01
0.000000000000000000e+00 0.000000000000000000e+00 2.525690720382001847e-02 3.210862199413060392e-01 3.580985535304522238e-01
0.000000000000000000e+00 0.000000000000000000e+00 2.297044458145762469e-02 3.125089258963749672e-01 3.495175403736149322e-01
0.000000000000000000e+00 1.254609560712525084e-03 1.919333147685664542e-02 3.105689768677433182e-01 3.447942161614981349e-01
0.000000000000000000e+00 0.000000000000000000e+00 2.111812936846079944e-02 3.086471410587649511e-01 3.484997746625450032e-01
0.000000000000000000e+00 1.455071993849739974e-03 1.636544521402821112e-02 3.082845575102998725e-01 3.445580756098770014e-01
0.000000000000000000e+00 7.096156825821918609e-04 1.548122174035814445e-02 3.071406355375147501e-01 3.426614790105549369e-01
0.000000000000000000e+00 3.865853517253811330e-04 1.631045102994444287e-02 3.079973056144068577e-01 3.427154613359439939e-01
