# Random Start on ZDT2 - All solutions
4.988239530934132637e-01 7.341796409963535774e-01 3.572262257138389407e-01 9.011755724908669940e-01 5.784685400214365641e-02
2.320752140283934839e-01 4.881221752092811395e-01 8.693987423877226339e-01 9.846633104536045566e-01 2.362587937322719045e-01
8.015462582938123193e-01 5.879631441030479522e-01 8.965629399272441180e-01 5.333313571910054396e-01 7.001203092281335083e-01
9.220371972406455896e-01 6.791740235309926543e-01 8.778134853941451654e-01 4.112490193970729790e-01 8.622690066053853020e-01
1.551940167114110869e-01 3.458388686859230066e-01 5.138660043076919148e-01 5.459343993784554483e-01 5.194503537004117044e-01
4.020946428189494659e-01 4.661858083988473789e-03 3.518488175942789953e-01 5.230773070468927033e-01 3.602995371261143998e-01
5.543204786043244292e-01 4.642839028799365941e-01 2.195557030940221976e-01 7.270190123128793258e-02 9.008539942562832081e-01
6.530814653509675605e-01 3.401881537121665411e-01 5.422994403831192800e-01 4.266945190852016734e-01 4.547822649845770782e-01
5.255275957870890746e-01 5.423023936070047180e-01 4.763293529284788885e-01 6.674346689448853454e-01 5.744809566878159579e-01
3.014390521223838659e-01 2.861490209056758438e-01 3.065943616938751060e-01 9.314369889588267615e-01 6.614734310011721741e-01
3.839548367000906182e-01 1.289404184226600469e-01 1.016124296475259675e-01 8.001050859690201911e-01 3.661798813222813531e-01
3.852653835831514328e-01 1.553018820263919741e-01 1.587312175700120731e-01 7.955736991928767932e-01 2.071623346801671761e-01
7.773589695698390756e-01 7.220156028503624257e-02 4.916237106042093408e-01 7.197041249460094381e-01 6.722796758042087761e-02
9.004511241337522787e-01 8.820433159740843632e-01 5.020115764355340682e-01 3.085651520213881227e-01 5.451002347027418538e-02
1.499644648982046413e-01 4.527615441255092299e-01 5.632721174337305126e-01 9.144777087096487289e-01 6.268502830652754598e-01
4.727074780839995993e-01 7.945841577810162093e-01 5.759398255385178578e-01 8.206478258691018990e-01 6.280093819964720492e-01
9.536832147062211940e-01 5.537895674602080209e-01 5.412603037158307817e-01 9.619245519684276324e-01 6.594493336321084753e-02
3.364950354846636960e-01 4.720613907426881584e-01 9.357942123598391726e-01 8.933271318177353759e-01 1.491044606776463222e-01
9.986706092016168768e-01 6.569288515750918434e-01 3.208422569189417657e-03 9.239581203665389042e-01 9.641290004198108665e-01
1.161100557614630352e-01 4.617071829092256885e-01 9.126231553557436760e-01 4.573720639838707025e-01 5.227937691485480542e-02
6.594878079646675495e-01 1.158846216815917832e-02 7.672836602513136706e-01 7.364778438287218343e-01 9.831212293278058789e-01
3.185013124339754476e-01 5.155807782502755399e-02 5.366140052381036529e-01 8.715860368085960319e-01 7.465206420731361758e-01
7.724313231988024775e-01 2.532490022728448031e-01 3.559811997022392371e-01 9.760233955346157009e-01 2.520875028577109281e-02
6.834660529547678109e-01 1.395201078334451159e-02 4.914452356712171732e-01 7.200759261474366513e-01 3.160907599684273372e-01
5.374027893587028926e-01 1.286807517188977290e-01 7.373941395140225508e-01 3.833028121773632280e-01 1.703642649438065759e-01
3.122009105571549870e-01 1.607037341039179446e-01 9.476590845490149295e-01 3.062340152944596494e-01 8.750950539834309039e-01
7.225722995226142586e-01 2.726380765776327264e-01 2.281530402731863083e-01 5.681478714422080190e-01 8.612753291899689634e-01
4.544576958075434159e-01 7.049343738262235648e-02 7.832020897340039589e-01 2.775221594038988493e-01 3.149331013275930014e-01
8.063401285588463197e-02 2.158540688528930995e-01 8.593352105744812564e-01 8.468841253066826669e-01 5.814940294164671064e-01
1.701524025621602432e-01 7.514298622270253469e-01 2.816944496155224797e-01 4.386146880866096942e-01 7.970626716488332653e-01
2.323224019409727281e-01 6.426094219286969667e-01 3.365543556104201861e-01 4.690547443316572807e-01 4.030879821642711636e-01
6.997162349055131569e-01 1.307600569588877604e-01 6.842773080264578089e-01 6.487160006764884912e-01 9.698233697422888877e-01
8.213752586494085239e-01 8.539721206081901661e-01 7.094310618515271560e-01 4.078565386160540318e-01 8.448445200197606253e-01
3.018479721163622731e-01 1.588673597010166194e-01 8.371449498632665964e-02 9.895172351922454368e-01 8.161718760692383556e-01
4.007210956889768472e-01 9.194552446340468199e-01 2.842965644245485368e-01 1.723582833876639020e-01 8.256688964672707076e-01
1.714292541944558226e-02 1.211475246218720048e-01 1.264463198028720481e-01 1.832969268706147181e-01 6.714499144216300452e-01
5.871168433628588812e-02 7.672786399569728744e-01 6.521017568428543187e-01 8.742272578525484006e-01 1.375227277807531678e-01
3.444858111182627081e-01 7.730274646417365503e-01 2.725982336665495609e-01 5.585132336982121526e-01 9.319187658521900230e-01
7.586976777569846009e-01 4.318700616396358716e-01 4.401259773597707703e-01 1.973014856676112427e-01 4.606961554198973907e-02
2.920284142214937262e-01 1.215578206449550724e-01 2.229157975981551146e-02 6.545810232193121081e-01 5.432572469782350755e-01
5.245499631969956500e-01 1.112314519059059426e-01 4.670121825612206790e-01 7.375230643607318115e-02 5.550142710818976033e-01
1.248540734522296525e-01 4.224125116236566169e-01 4.870828587967356849e-01 4.016077967368102408e-01 8.222397555700687866e-01
3.835718661470207680e-01 6.923543329780709188e-01 3.992743624370891364e-01 6.042094801572195362e-01 9.487330023891912267e-01
3.555711551362514267e-01 8.440437497776205611e-02 5.843302512468445675e-01 8.385327057161054976e-01 2.191849705852498276e-01
8.418006262936632567e-01 1.431261175978584821e-01 5.206584672074106024e-01 7.068583549497921004e-01 1.683716411555053749e-01
8.221729005790189282e-01 2.599400315712858123e-01 8.121106186006733507e-01 1.431668215166622959e-01 2.047692305430626747e-01
5.564577372541920086e-01 3.851900312049267860e-01 8.888544612046584970e-01 9.769294666950262274e-01 2.535467433061202591e-01
3.601147459634182479e-01 4.485354071709026780e-01 5.345883213610334028e-01 8.259171148882792357e-01 1.889499273099703447e-01
6.814282986714635948e-01 7.654157712894564813e-01 3.428680618958864779e-01 5.835162841638160680e-01 1.581879412560667497e-01
6.647286907139833279e-01 9.510482991817632847e-02 4.268764347894473121e-01 5.122395062410456390e-01 2.093813932544465184e-01
7.307642748256978904e-02 1.955166995504483141e-01 4.916934438476774222e-02 3.891710747914254309e-01 7.982540194868361638e-01
2.553055152554556395e-01 9.197948984428284680e-01 9.928581286188485899e-01 9.665676969879156699e-01 1.032832758982122345e-01
8.820180212529460384e-01 7.688319826353490205e-02 1.759132152311099762e-01 5.734083892653735193e-01 2.747983831329263715e-01
5.364253150934471526e-01 7.002707755660037003e-01 4.509249378232867422e-01 6.954299959798483366e-01 9.194243331064583247e-02
2.764766520245357517e-01 7.430905763726172175e-01 1.233170945771583787e-01 5.904085583008865656e-01 9.966393630004670712e-01
5.177739488509361943e-01 2.267583376852601584e-01 1.273814761673014162e-01 9.004699438346875917e-01 1.983460295937704010e-01
6.017193824992139728e-01 9.766166428926478793e-02 3.995917096732145568e-01 9.378644777172545632e-01 6.882769938969411916e-01
8.714364258905110683e-01 2.320099418200598784e-01 3.910921697463338176e-01 8.609692663238240062e-02 3.104591045111693148e-02
7.886169519222420154e-01 2.851109571219938577e-01 8.598563493508176725e-01 6.056635391924826139e-01 3.871032080553021282e-01
4.361778546293162973e-02 8.412027549190459474e-02 8.094701924405387494e-01 7.655243481348847912e-01 1.677191030083778900e-01
8.549642618070190103e-01 3.843481905685496303e-01 7.400388856139215044e-01 8.335505131788321087e-01 4.834749966317205550e-01
7.642683893275765694e-01 5.881942857933204066e-02 5.781361328336113159e-01 7.339845345048161551e-01 7.807142244562106925e-02
1.463970435533658854e-01 4.951110014203521370e-01 3.306008718584668160e-01 4.088533252518872230e-01 5.978375084688130059e-01
8.550048353406622947e-01 6.626757051156255407e-02 7.590575878317735725e-01 4.808786886189499454e-01 1.281196186915597168e-01
3.064313490439352083e-01 1.916833814194814078e-01 6.225915172242519890e-01 8.956299880033498084e-01 8.532083723010533971e-01
8.731132638049838857e-01 4.146247703650150496e-01 5.985155248076261536e-01 2.504254417728751236e-01 9.003998767120763302e-01
2.072789986651758787e-02 3.738130565610774947e-01 6.760416220296368017e-01 2.315414521058748731e-01 5.171855434389717177e-01
3.374285787983930529e-01 1.621238645921106725e-01 8.157921996041164192e-01 1.949874638556444231e-02 7.154305021816075305e-01
2.404501662777970283e-01 2.459446309348310433e-01 5.914121217054371105e-01 8.635295032819404470e-01 3.403616595735595163e-01
4.584124528143612709e-01 5.380944509702243472e-01 7.534374565600592266e-01 2.333240491493251273e-02 1.477294052707633920e-01
8.881143857203956937e-01 5.384808026899028377e-01 2.468508091973377339e-01 8.215501796554541825e-01 7.938694692188266178e-01
5.641691608187598961e-01 9.910858808975134826e-01 1.804002445099876506e-01 9.869094793623822692e-01 9.876196435595022693e-01
9.233493045546810052e-01 7.317616505230598589e-01 7.180603410667089070e-01 4.401523081772738544e-01 6.398435354418323673e-01
8.503001708771568135e-01 9.949719323753248856e-01 4.932674320848972616e-01 3.457310508683933969e-01 7.017719450880642862e-01
6.810810950962272736e-01 9.299652822920890793e-01 9.264994831413493337e-01 6.768131566591621961e-01 1.987239705392736810e-01
9.537728535727471035e-01 6.034999716111924539e-02 3.024022869311283612e-01 4.752364514745941459e-01 2.990399335040896944e-01
9.641624032352875684e-01 6.775111754785809737e-01 9.303262685101135743e-01 9.935948494791960739e-01 3.486351968481369301e-01
5.117534266373856555e-01 3.984149454154143483e-02 6.159987596869462845e-01 9.115405850631840001e-02 2.626131569326916465e-02
3.739328567748576582e-01 6.895238150328042437e-01 8.267592563418482143e-01 3.428213374422962589e-01 7.982183926730502810e-01
6.565256559553209748e-01 2.266996410799676787e-01 1.408676310167031598e-01 5.622744977298539393e-01 1.474833456554838218e-01
7.525904317165680313e-01 7.873858603590102589e-01 5.941550538847945040e-01 9.639906417410777362e-01 7.907157422931472279e-01
5.594807209258343406e-01 1.924766004981829925e-01 9.542245729613232363e-01 6.523977609595273952e-01 8.491684467760699517e-01
9.740849654069565489e-01 4.460135947195876249e-01 1.504864521094069207e-01 2.258006028019825806e-01 3.073129292145897196e-02
5.008401309609600283e-01 6.200810608547557834e-01 7.023897858813357153e-01 6.513130760990609724e-02 6.618869996917838838e-01
3.348038198122772480e-01 4.779958494370784017e-02 3.676241488976516592e-01 6.590705228313200603e-01 9.982772259964967088e-01
4.533732312048660562e-02 9.843896860184100372e-01 6.374529114167452049e-01 6.710821812372106399e-01 8.782200537986215583e-01
2.444441934323144106e-01 3.735590169083136125e-01 4.063971780270325129e-01 3.173711003350890847e-01 5.608333184201425708e-02
5.925582687335826382e-01 1.268226053224981720e-01 5.075276552268898067e-01 1.730139833749336914e-02 7.846018582510770889e-01
8.034316258520965981e-01 2.753356961884236287e-01 5.670458388361362401e-01 3.394133189410964424e-01 5.196514430081711211e-01
7.818026383322675965e-01 7.569424504213698723e-01 9.317642319629733105e-01 1.614466016932607773e-01 4.330346586336543124e-01
1.350765582803062012e-02 2.317150171062513225e-02 4.434292504766160770e-01 7.154127604865528900e-01 9.422654974936812700e-01
6.562163763010019357e-01 2.863649093948141336e-02 2.935032198640998291e-01 9.086162559262552785e-01 1.134133525720859709e-01
1.382166790488253694e-01 7.724773608019935497e-03 8.302700299910595882e-01 3.483940597383277660e-01 4.589620220749461854e-01
7.747050136209954196e-01 4.671639280706476050e-01 6.241390833743564182e-01 9.055742728084206217e-01 9.868030911250054160e-01
1.995525379663112275e-01 8.795055997928165059e-01 8.506157178667447250e-01 2.983701863784204433e-01 7.077224621119547754e-01
6.914207156241968244e-01 7.079674958754179626e-01 8.097031781495097613e-01 6.813151588110789580e-01 8.638741378038535812e-01
1.326340693666758219e-01 1.808038457207399585e-01 7.702350284765637767e-01 3.401236056071350600e-01 4.574394391185787612e-01
1.846532659533681731e-01 4.674408782587576860e-01 2.788408949407008008e-01 4.789212683583243257e-01 2.297572983567404137e-01
5.309134817360497971e-01 6.288753778808170436e-02 9.508476042891143010e-01 8.956852871438885089e-01 7.826210273348824797e-01
5.116064173689142125e-01 5.690567193408760938e-01 1.362819621042730134e-01 4.909370865164963127e-01 1.796130827533141960e-01
