# Random Start on ZDT1 - All objectives
4.988083003548943739e-01 6.361784127757347918e+00
7.941568413722127628e-01 3.225796179721343027e+00
3.454210331409336004e-02 4.721112035133500306e+00
8.626368105703204892e-01 4.367892680574662734e+00
3.202220677957972605e-01 5.812140797292125960e+00
3.482370876466096554e-01 5.133470585798192154e+00
7.336788176250079729e-01 5.443565595481675956e+00
9.966130130908512630e-01 1.902003907328368326e+00
3.144982458625446287e-02 3.016705004816945479e+00
1.560672862250671311e-01 4.028368475750083277e+00
8.509652809477249447e-01 2.794220199713247421e+00
5.225098275218670318e-02 4.128650263898970607e+00
9.680527848974116445e-01 9.926931732831559829e-01
9.124977541679971660e-01 3.242457420393414669e+00
1.485502753167181611e-01 3.258543202005883099e+00
5.438158281817174755e-01 3.343217195499586403e+00
2.980486141974332814e-01 3.679117927460388238e+00
7.740819970025131225e-02 6.443631995826428316e+00
5.322808523347046794e-01 3.836089233812542076e+00
4.241469355412511577e-01 3.986938479821653836e+00
5.848798568290098920e-01 2.453683194050516381e+00
1.751916907612195706e-01 5.484636711867939773e+00
8.617098032784228367e-01 3.275254901098186178e+00
9.993868279267972277e-01 1.621734329399426411e+00
3.554221160502276100e-01 4.066954185864062765e+00
8.925617248250924396e-01 3.171708229898942744e+00
9.485909752308349097e-01 3.558250279662495075e+00
6.790070215608026150e-01 2.267688990181316644e+00
9.004167927896682411e-01 3.667186032000779417e+00
3.526190153102479186e-01 4.846293760047894139e+00
3.042613446266675958e-01 3.493551739013845747e+00
4.411779220407726076e-01 3.996834477799889207e+00
3.256917420428673271e-01 5.399182559228416167e+00
4.985009741496764790e-01 4.219368309213668233e+00
1.383440327543504766e-01 4.172084097149403981e+00
2.864648677811328370e-01 5.953450072463006393e+00
3.596633949129205976e-01 3.589325468753122195e+00
9.139890428231978170e-01 1.754961864556626949e+00
8.161730206646831132e-01 2.940552966192312656e+00
3.675384555792149399e-01 5.353695923020287850e+00
1.465881369759273467e-01 5.051205632131567924e+00
5.462216672237132364e-01 3.756681546565430185e+00
2.301385864755784161e-01 3.998761432967934848e+00
9.242864856143885310e-01 1.834391492949962732e+00
6.973839181928820352e-02 4.891637599907301848e+00
8.442865818945163303e-01 4.238070303670128602e+00
8.246923991593962944e-01 4.208877214222307650e+00
3.813897466200356079e-01 2.162961359371503800e+00
9.184200609654281644e-01 4.510899200961376643e+00
2.416907759577458514e-01 3.236573915195955387e+00
7.188634251797866581e-02 4.427647280051748346e+00
4.198580833244408006e-01 4.316838715458298559e+00
4.641767993868220477e-01 4.994481554864126593e+00
2.772816425549246566e-01 2.578511966508661768e+00
3.721573154312359799e-01 3.787880195474655043e+00
9.497038749743736963e-01 3.076255250998152224e+00
2.137844367948288360e-01 2.934566880263226540e+00
2.319842387139723905e-01 6.646249651844282624e+00
1.319075176175253106e-01 6.454891864924242384e+00
8.403430296295988366e-01 3.599011875458468790e+00
4.624786379106708978e-01 4.323601615724851577e+00
5.678351165577001369e-01 5.114881369165006575e+00
6.212555997172629629e-01 3.347498458507103258e+00
4.490260116052934847e-01 4.187018152806384563e+00
6.798999233543406850e-01 1.883259291544495007e+00
8.160167279727834622e-01 2.429829308998748161e+00
5.030423847506951818e-01 4.657132421070670603e+00
5.617661413558601158e-01 3.272807130089065986e+00
8.968818629611664539e-01 4.671047670593930334e+00
5.689068066742768437e-01 3.914381231299773223e+00
8.538237502117751454e-01 3.496097600283855300e+00
2.633813821074466044e-01 6.299126810434723112e+00
2.648718903143293391e-01 3.443273317259863298e+00
1.460473286668059062e-02 4.955652714083938370e+00
2.930337634370819289e-01 3.874362478920071684e+00
5.398729515913281984e-01 4.119205151638894336e+00
9.810963380062469597e-01 1.710757395490593025e+00
5.032455797787968033e-01 2.871154519457133070e+00
8.079488406926155220e-01 3.590486110302250289e+00
6.195688106210757162e-01 2.993588339174847679e+00
9.810515656047741340e-01 3.298841463093648230e+00
9.989028745325760905e-01 1.911380697018882913e+00
9.553899219983210678e-01 2.521674515103586423e+00
3.902825496114243342e-01 3.156617304310285643e+00
2.335986309841268926e-01 2.908002592368759576e+00
7.447142562571513746e-01 4.188986421995053000e+00
8.821152620399907995e-01 3.873157379890825425e+00
5.892434365065970514e-01 3.569643405546279791e+00
6.510857034712497216e-01 3.091454147472501024e+00
5.367888517383434532e-01 3.836920139144003539e+00
7.982847210011839723e-01 3.669231350272816883e+00
9.800130976270945427e-01 2.348904419775036612e+00
5.121206578389372321e-01 2.783919829400685941e+00
8.710025539021019059e-01 4.173431017787684993e+00
9.722011992578399875e-01 5.152349025363915480e+00
8.276041503192875792e-01 3.548269572110160919e+00
8.853593212018531222e-01 2.570404987972633837e+00
6.457785077606227331e-01 5.184437481350110843e+00
5.310028193197225965e-01 3.739495705091853139e+00
4.388711794460523619e-01 4.025564124590087722e+00
