# Random Start on ZDT2 - All objectives
4.988239530934132637e-01 5.569137134897617969e+00
2.320752140283934839e-01 6.793578114851523964e+00
8.015462582938123193e-01 7.025156786323118574e+00
9.220371972406455896e-01 7.253262990065137750e+00
1.551940167114110869e-01 5.326934093023361960e+00
4.020946428189494659e-01 3.747084413379070167e+00
5.543204786043244292e-01 4.664165865908132425e+00
6.530814653509675605e-01 4.883083207660061653e+00
5.255275957870890746e-01 6.040853877054921384e+00
3.014390521223838659e-01 5.902366242429958554e+00
3.839548367000906182e-01 4.107300868825697115e+00
3.852653835831514328e-01 3.925274201987041245e+00
7.773589695698390756e-01 3.889598611401162032e+00
9.004511241337522787e-01 4.766612473595195354e+00
1.499644648982046413e-01 6.750733970437083897e+00
4.727074780839995993e-01 7.312727670411961256e+00
9.536832147062211940e-01 5.619120117868072306e+00
3.364950354846636960e-01 6.495761518294435710e+00
9.986706092016168768e-01 6.585388416981555970e+00
1.161100557614630352e-01 5.236385677951824746e+00
6.594878079646675495e-01 6.555877155176387028e+00
3.185013124339754476e-01 5.947118340759423027e+00
7.724313231988024775e-01 4.494494116053097343e+00
6.834660529547678109e-01 4.363981783228665812e+00
5.374027893587028926e-01 4.125565618892106379e+00
3.122009105571549870e-01 6.135962718188045173e+00
7.225722995226142586e-01 5.245263242591630792e+00
4.544576958075434159e-01 4.205287415373437199e+00
8.063401285588463197e-02 6.632046504038893175e+00
1.701524025621602432e-01 6.100061292458385687e+00
2.323224019409727281e-01 5.154990630263663220e+00
6.997162349055131569e-01 6.399939716072326590e+00
8.213752586494085239e-01 7.244272199710470872e+00
3.018479721163622731e-01 5.592364613810984153e+00
4.007210956889768472e-01 5.927033070531362746e+00
1.714292541944558226e-02 3.480182101086045421e+00
5.871168433628588812e-02 6.469510587866142082e+00
3.444858111182627081e-01 6.688433999008908337e+00
7.586976777569846009e-01 3.345561336769206751e+00
2.920284142214937262e-01 3.997576831642866590e+00
5.245499631969956500e-01 3.641723064446086067e+00
1.248540734522296525e-01 5.797333906883240573e+00
3.835718661470207680e-01 6.929116612243448436e+00
3.555711551362514267e-01 4.858633682583679558e+00
8.418006262936632567e-01 4.303996613530874704e+00
8.221729005790189282e-01 4.033832273183084460e+00
5.564577372541920086e-01 6.588504330060401593e+00
3.601147459634182479e-01 5.471881177497631477e+00
6.814282986714635948e-01 5.072526992798207068e+00
6.647286907139833279e-01 3.681766788375669286e+00
7.307642748256978904e-02 4.220985293575152397e+00
2.553055152554556395e-01 7.702180621584376219e+00
8.820180212529460384e-01 3.253530319144757765e+00
5.364253150934471526e-01 5.308111029798078029e+00
2.764766520245357517e-01 6.508551752161528370e+00
5.177739488509361943e-01 4.206353517442998680e+00
6.017193824992139728e-01 5.714971584368730539e+00
8.714364258905110683e-01 2.380656414360772466e+00
7.886169519222420154e-01 5.702857347587096726e+00
4.361778546293162973e-02 5.110004033945473978e+00
8.549642618070190103e-01 6.380604190204725690e+00
7.642683893275765694e-01 4.123170671868969350e+00
1.463970435533658854e-01 5.118722509402410914e+00
8.550048353406622947e-01 4.054293358548036075e+00
3.064313490439352083e-01 6.753128653437444839e+00
8.731132638049838857e-01 5.739030516043889030e+00
2.072789986651758787e-02 5.046723634624910915e+00
3.374285787983930529e-01 4.830444939778027802e+00
2.404501662777970283e-01 5.582470196911741844e+00
4.584124528143612709e-01 4.241861263288286388e+00
8.881143857203956937e-01 6.278481134043921053e+00
5.641691608187598961e-01 8.039135225955202912e+00
9.233493045546810052e-01 6.564689881799662174e+00
8.503001708771568135e-01 6.597595544246262378e+00
6.810810950962272736e-01 7.082099937488806951e+00
9.537728535727471035e-01 3.302664631057753208e+00
9.641624032352875684e-01 7.515937855548074253e+00
5.117534266373856555e-01 2.644238199831385749e+00
3.739328567748576582e-01 6.958941018047311466e+00
6.565256559553209748e-01 3.298097086776289544e+00
7.525904317165680313e-01 7.986254380364559147e+00
5.594807209258343406e-01 6.913618621920432084e+00
9.740849654069565489e-01 2.594300663132739881e+00
5.008401309609600283e-01 5.566648196964202988e+00
3.348038198122772480e-01 5.643944376621490733e+00
4.533732312048660562e-02 8.134823205119088740e+00
2.444441934323144106e-01 3.578553584648310970e+00
5.925582687335826382e-01 4.148592873893494293e+00
8.034316258520965981e-01 4.694561459619148280e+00
7.818026383322675965e-01 6.037580537929877700e+00
1.350765582803062012e-02 5.779596203929278531e+00
6.562163763010019357e-01 3.917378193119589902e+00
1.382166790488253694e-01 4.697976606189903315e+00
7.747050136209954196e-01 7.635471171879701480e+00
1.995525379663112275e-01 7.150917067130420968e+00
6.914207156241968244e-01 7.830855000125847454e+00
1.326340693666758219e-01 4.930789150743492222e+00
1.846532659533681731e-01 4.265682399068397856e+00
5.309134817360497971e-01 7.017152027501864175e+00
5.116064173689142125e-01 4.031844370122334098e+00
