# Random Start on ZDT1 - All solutions
4.988083003548943739e-01 4.711040647100210310e-01 8.460155813237725253e-01 9.838753086439684381e-01 9.923123791778052372e-01
7.941568413722127628e-01 3.940329427803088702e-01 5.116693086510847310e-01 6.260704987803802357e-01 3.668730018506166646e-01
3.454210331409336004e-02 5.491303999671388603e-01 2.346322477025130082e-01 4.641871361360825343e-01 5.931970391390831709e-01
8.626368105703204892e-01 3.368752553765080870e-01 8.624171129718503082e-01 6.444177178872831924e-01 7.285845315682629719e-01
3.202220677957972605e-01 9.722934439649308924e-01 3.359127185940335991e-01 6.850614099228109488e-01 8.271165726832656606e-01
3.482370876466096554e-01 8.207320765688699282e-01 4.401089299656957970e-02 6.910785933449299367e-01 9.579183482369028058e-01
7.336788176250079729e-01 9.398878235090001310e-01 6.946497157656819077e-01 9.777728738159746635e-01 4.286902250855649799e-01
9.966130130908512630e-01 7.491101793707861944e-02 2.947846848027709313e-02 4.446197480171079630e-01 7.241049235333245626e-01
3.144982458625446287e-02 5.772018211787575126e-01 3.100855137734140690e-02 1.607229989770441181e-01 2.714438071807119268e-01
1.560672862250671311e-01 2.287958470307271258e-02 5.371801045430731891e-01 3.860170554304575008e-01 7.886506196989913064e-01
8.509652809477249447e-01 1.734768884132974198e-01 6.260635622898412800e-01 2.502914053622127266e-01 6.476499227097490818e-01
5.225098275218670318e-02 1.822671160019315451e-01 3.634186444633727420e-01 9.771574959052529152e-01 8.603367958498824020e-02
9.680527848974116445e-01 6.315577079688933226e-02 4.590397833190112409e-01 8.163824262173764723e-02 9.394374354460451049e-02
9.124977541679971660e-01 3.497543015283319789e-01 3.205457866753199103e-01 4.130366521016865522e-01 9.070118730454761469e-01
1.485502753167181611e-01 6.844772480821597060e-01 9.108516857544201109e-03 8.684282474538443375e-02 5.673554956760981094e-01
5.438158281817174755e-01 9.126242501254306916e-01 4.757718581127803326e-01 2.976193014986903140e-01 8.760028848778469990e-02
2.980486141974332814e-01 3.030588162611512759e-01 5.095249011691309615e-01 5.850139495846879978e-01 3.294506698518296361e-01
7.740819970025131225e-02 9.996123621238452994e-01 4.849702154681879152e-01 8.944113738343172360e-01 3.719600333701633121e-01
5.322808523347046794e-01 4.428518938100207275e-02 3.011779265018077467e-01 8.974107158823919628e-01 7.819018353623812256e-01
4.241469355412511577e-01 6.375456418085589938e-01 2.296018764514484722e-01 9.187375194946012513e-01 2.214901457640762183e-01
5.848798568290098920e-01 7.575372516911184351e-02 1.928589172628051296e-01 3.798224359656788840e-01 6.756812751645601134e-01
1.751916907612195706e-01 4.467466238172476123e-01 4.705064964809019812e-01 8.026863545191876836e-01 7.495604039866292645e-01
8.617098032784228367e-01 7.566637004523835142e-01 2.468135032089489866e-01 1.945484328058308121e-01 7.755101675984962251e-01
9.993868279267972277e-01 6.944169656813223845e-01 6.594220598504980935e-02 2.906559907322078806e-01 5.523623621800739097e-02
3.554221160502276100e-01 5.795044561752604739e-01 7.313949376025213889e-01 5.547162855764461442e-01 1.166116833298521532e-01
8.925617248250924396e-01 2.849091353290291173e-01 4.678374749924230636e-01 9.444421976546022446e-01 2.400159808993413968e-01
9.485909752308349097e-01 9.685207046421806520e-01 9.274829211307143995e-01 2.054554439175200753e-01 8.964592176007382673e-02
6.790070215608026150e-01 7.101137240930058270e-02 4.881360831149555990e-01 1.031489130589873099e-01 6.237817823997613420e-01
9.004167927896682411e-01 3.050364159536717579e-01 7.470429333611591227e-01 5.505810010016807254e-01 6.148838352481293956e-01
3.526190153102479186e-01 4.677903193364806311e-01 1.518970882296082903e-01 9.343618750266553530e-01 8.200335729960508413e-01
3.042613446266675958e-01 7.204191404024228307e-01 8.449274352029559343e-02 6.954034560804271681e-02 7.645886343738942381e-01
4.411779220407726076e-01 8.773357392648867270e-01 3.817698249508486019e-01 4.054479489128328673e-01 3.636773779819148511e-01
3.256917420428673271e-01 9.011085144714957584e-01 9.308027224292991786e-01 1.355869230514331362e-03 7.880941572543671558e-01
4.985009741496764790e-01 3.058725336128252370e-01 7.996724307535553189e-01 9.454367500475778507e-02 9.955458049641670026e-01
1.383440327543504766e-01 1.481585023683302527e-01 9.994930452664815834e-02 8.479611793756304250e-01 6.835417662204903433e-01
2.864648677811328370e-01 6.150327975000408065e-01 8.562275831849442964e-01 6.169905893583738088e-01 7.608353461887852331e-01
3.596633949129205976e-01 8.626783014567002139e-01 3.421258276058947168e-02 1.087845722719955194e-02 8.342306175428585435e-01
9.139890428231978170e-01 4.138427294855204774e-01 4.547544631430667228e-01 5.826204552234245937e-02 2.101990940096784000e-01
8.161730206646831132e-01 4.199583113286450287e-01 2.393385005366702178e-01 5.621785198162210229e-01 5.343825512260117483e-01
3.675384555792149399e-01 2.188229198655220198e-01 7.568141798287696398e-01 7.759203821308540139e-01 8.938624732633412284e-01
1.465881369759273467e-01 7.068181544108400605e-01 4.927211829892924055e-01 1.649225010373268629e-01 8.524749343527829870e-01
5.462216672237132364e-01 3.475610289478492931e-01 4.582135265032823979e-01 1.947399406669381716e-01 9.941827892298730207e-01
2.301385864755784161e-01 9.392228950463341608e-01 5.191970437388853110e-01 1.447141194458650970e-01 2.102055266547042667e-01
9.242864856143885310e-01 4.829637210271152115e-01 1.712593027256705258e-01 3.551009103446737258e-01 1.810001629316248806e-01
6.973839181928820352e-02 9.315130677686599137e-02 5.940129987867609485e-01 5.764706090914414327e-01 7.415269998561251352e-01
8.442865818945163303e-01 9.245819011351941175e-01 4.480123792067227662e-01 7.440573273897438389e-01 3.715014394239994910e-01
8.246923991593962944e-01 6.051526719728264059e-01 8.009578472939123950e-01 6.985394687850677853e-01 3.528518706340584288e-01
3.813897466200356079e-01 1.747144293853614486e-02 6.425414679770085069e-01 1.944522895824407627e-01 1.596310120819280920e-01
9.184200609654281644e-01 8.859646459510385208e-01 4.078044991045279843e-01 9.702164498019109073e-01 4.278718207161276710e-01
2.416907759577458514e-01 9.687152183468990263e-02 1.196674756331683465e-01 2.512629666604395129e-01 9.766806620064567568e-01
7.188634251797866581e-02 1.937586996675276785e-01 5.024653121374851317e-01 9.345010947131091594e-01 1.598988432250445790e-01
4.198580833244408006e-01 5.548064338764205905e-01 6.317341610005750008e-01 5.560439366642589976e-01 4.304435162015461946e-01
4.641767993868220477e-01 4.194672943183534453e-01 9.868156085660754195e-01 4.099331700289310931e-01 7.467886762445740123e-01
2.772816425549246566e-01 2.725664206187084493e-01 2.383133863277329956e-02 5.333084010208530845e-01 3.142959574769698117e-01
3.721573154312359799e-01 8.480004527829589911e-01 3.436099231911869389e-01 5.197907427883664139e-02 6.123014044073882278e-01
9.497038749743736963e-01 6.730266942982686684e-01 5.596510710006817879e-01 5.555030845829765640e-02 6.340342586087222010e-01
2.137844367948288360e-01 7.502921068809424721e-02 1.594403479990737227e-02 9.713928820432130573e-01 2.001685002819488246e-01
2.319842387139723905e-01 9.591000657338183411e-01 5.948047882853098045e-01 8.840767112020759821e-01 6.772851732919389356e-01
1.319075176175253106e-01 9.696485977478551677e-01 8.839823482017882261e-01 9.132622745415486243e-02 9.199048219807002269e-01
8.403430296295988366e-01 6.452989846678911512e-01 5.400353132467881068e-01 3.735097387682226322e-01 5.781794775175765899e-01
4.624786379106708978e-01 8.784673646457806795e-01 4.009976016362186702e-01 5.666906999268991330e-01 3.705936713938571825e-01
5.678351165577001369e-01 6.048039852663893434e-01 9.405803722052743510e-01 3.343156540460491821e-01 8.431975519485760406e-01
6.212555997172629629e-01 4.428644480383323589e-01 2.227781802521917043e-01 2.328754985858106641e-01 9.385047317196171246e-01
4.490260116052934847e-01 7.801770501677771641e-01 4.356821698302785761e-01 5.102283374919688308e-01 4.076682275196855110e-01
6.798999233543406850e-01 7.801181640383406113e-02 1.445982992391094124e-01 2.636153117118474887e-01 5.825439410202875035e-01
8.160167279727834622e-01 7.931470385720706950e-01 4.222772807917917759e-01 2.142582676439817313e-01 3.870429240106804808e-02
5.030423847506951818e-01 6.333605049333350667e-01 8.900064145633980184e-01 3.378095670313618903e-01 5.653930960993250876e-01
5.617661413558601158e-01 6.035377679409169582e-01 6.592657829910822942e-01 2.800147311203250444e-01 2.075859393028476885e-01
8.968818629611664539e-01 8.934707883249366489e-01 5.635393772104472232e-01 4.063127759873461087e-01 8.988260193256782937e-01
5.689068066742768437e-01 6.166997745710889323e-01 8.731112162923027054e-01 3.802122247313206027e-01 2.268610593056590574e-01
8.538237502117751454e-01 2.157698093055606947e-01 4.431849985584546681e-01 6.102707719478154269e-01 8.208641269341410140e-01
2.633813821074466044e-01 6.508890798552376955e-01 4.927651269793347777e-01 9.034891416800623354e-01 9.420042168078963662e-01
2.648718903143293391e-01 7.018605129336288329e-01 1.696408755004596425e-01 1.541945362250295160e-01 5.475703340710933453e-01
1.460473286668059062e-02 4.617452903006902254e-01 5.530940837008385680e-01 8.522647599933038665e-01 1.382120745900143263e-02
2.930337634370819289e-01 1.846208703632563550e-02 2.922968195249777135e-01 6.326457563008395235e-01 8.772261482091742169e-01
5.398729515913281984e-01 6.446973954535543117e-01 4.291253878870631699e-01 3.103942178703817389e-01 7.956197475062775082e-01
9.810963380062469597e-01 2.861528709932010806e-01 3.713027827308060247e-01 4.858693566573175637e-01 6.277339535894496149e-03
5.032455797787968033e-01 4.845934223777583622e-02 4.561649902985268068e-01 7.649919473403096193e-01 2.196589485833695954e-01
8.079488406926155220e-01 1.961655207891787878e-01 9.539079037280324691e-01 3.301379570412160680e-01 6.286439917183685999e-01
6.195688106210757162e-01 9.300010841945191564e-02 5.282220572830280403e-02 7.828116755852529973e-01 7.158315613473912320e-01
9.810515656047741340e-01 5.336631194379474197e-01 2.760483935829477486e-01 5.453509486025902575e-01 7.133931637338331022e-01
9.989028745325760905e-01 5.606122690069546000e-01 2.104051998864883422e-01 2.801944922097933111e-01 2.288305699959539696e-01
9.553899219983210678e-01 2.384190257817595249e-01 1.085663140325650172e-01 6.740399453202448043e-01 5.893609973552454973e-01
3.902825496114243342e-01 4.788113192090817094e-01 3.818419470367216961e-01 6.176038461819308711e-01 6.784277971267829721e-02
2.335986309841268926e-01 9.219095022053967747e-02 4.533003566103523396e-01 6.190935501917701478e-01 1.052980730800414794e-01
7.447142562571513746e-01 4.125049139431234968e-01 9.700886420766304807e-01 2.798073819278773522e-01 7.226680618350711516e-01
8.821152620399907995e-01 7.112091061245692236e-01 2.914466356353120347e-01 3.436051226889738630e-01 9.712970335834180124e-01
5.892434365065970514e-01 4.144373663768346483e-01 4.488166954595673164e-01 2.622005889481867635e-01 8.052984521748957070e-01
6.510857034712497216e-01 7.974182412947613541e-01 2.083814410531806827e-01 2.668797808079420575e-01 4.484760390820335951e-01
5.367888517383434532e-01 8.102311663377244066e-01 5.552126381337701977e-01 4.588091142749456397e-01 2.047836190111858856e-01
7.982847210011839723e-01 7.713058668986455535e-01 3.377049655363452696e-01 8.073557693545501124e-01 2.284155419228670880e-01
9.800130976270945427e-01 8.013181857770859673e-02 7.754748355483053190e-01 4.055610603678790338e-01 2.647416029426928885e-01
5.121206578389372321e-01 2.118962990175449757e-01 3.410975878783956139e-01 8.271594721950401574e-01 6.924918204045350800e-02
8.710025539021019059e-01 9.399234326276572071e-01 2.931321730339583875e-01 6.724321817385182642e-01 5.676784792764477672e-01
9.722011992578399875e-01 7.855559265173766015e-01 8.384569775492217714e-01 9.464216697711598236e-01 5.090038438835199353e-01
8.276041503192875792e-01 5.429544162670869589e-01 4.348742009302946632e-01 9.306950354625913580e-01 1.914610197727852625e-01
8.853593212018531222e-01 2.341114395456907471e-01 7.109644444244748174e-01 1.794174421482800652e-01 4.689501861431403795e-01
6.457785077606227331e-01 5.993799327869806515e-01 7.785303507831554670e-01 7.596056124938678211e-01 6.915291844362063678e-01
5.310028193197225965e-01 5.643843065781445345e-01 6.070406588758531230e-01 5.323537264635570532e-01 2.690806730040724570e-01
4.388711794460523619e-01 1.079129498023134459e-01 6.929473274820239226e-01 3.657329903755956457e-01 8.743692426357274616e-01
