# ZDT1 - All objective evaluations
0.374540 4.925733
0.155995 5.055769
0.020584 5.592425
0.183405 3.584686
0.611853 2.292511
0.785176 2.261873
0.607545 3.954449
0.808397 2.541535
0.122038 4.052810
0.662522 2.787506
0.969585 5.394033
0.921874 0.963674
0.388677 3.528543
0.542696 3.780981
0.772245 2.942531
0.729007 2.268158
0.863103 2.133994
0.325183 5.611634
0.119594 6.378849
0.493796 2.135106
0.031429 5.879656
0.249292 3.274633
0.289751 5.304887
0.871461 4.079007
0.807440 2.587671
0.427108 4.348930
0.417411 3.257344
0.323203 5.276307
0.962447 2.040317
0.036887 3.849606
0.908266 3.014111
0.242055 5.154556
0.367783 3.866324
0.835302 1.837592
0.677564 2.473758
0.174366 4.832563
0.341066 4.472877
0.659984 3.863314
0.093103 6.411413
0.349210 6.689596
0.642032 3.158429
0.009197 2.925698
0.548734 4.296534
0.237249 5.515505
0.657613 2.309288
0.243990 6.148082
0.794811 2.987630
0.722452 1.938667
0.940459 3.682678
0.928319 5.462442
0.294449 3.677745
0.556801 4.319644
0.615007 4.655783
0.740769 3.578245
0.809361 5.437744
0.501516 5.672567
0.890005 2.203678
0.035942 4.808551
0.030500 3.680554
0.522243 3.226426
0.051682 5.901201
0.975852 3.015482
0.438971 3.757989
0.695974 1.726895
0.549227 4.928890
0.737897 3.180467
0.355973 2.051351
0.040729 5.309211
0.491616 2.869180
0.615850 3.065867
0.503136 3.358871
0.642419 3.859688
0.388170 5.196818
0.386103 4.300326
0.100778 2.405147
0.318976 4.105195
0.118165 6.662660
0.803481 3.428637
0.990505 2.992458
0.930757 4.680101
0.103124 5.913058
0.895523 2.216512
0.319314 6.391253
0.448446 4.019782
0.791579 2.395290
0.549529 3.378901
0.142992 3.717111
0.700969 2.953555
0.084838 5.969467
0.947249 3.574397
0.777147 3.432885
0.492625 1.370070
0.117526 6.670656
0.374871 4.734728
0.012154 6.191272
0.992965 3.376473
0.629399 4.321233
0.901158 3.574821
0.455657 3.056288
0.353352 5.338098
0.698162 4.181373
0.162617 7.482812
0.613415 4.157265
0.026367 5.825280
0.594131 5.664793
0.468693 3.149307
0.812901 5.847491
0.944766 2.649141
0.954051 3.432083
0.358163 4.249275
0.520164 5.432664
0.403483 3.119426
0.704080 1.252590
0.589918 3.853526
0.513989 5.099250
0.949521 2.902595
0.459136 4.753656
0.240146 1.382010
0.138827 4.761332
0.473962 2.142220
0.168935 1.846744
0.460779 3.456647
0.039312 5.860896
0.920872 3.057508
0.184521 3.846120
0.368914 3.102887
0.713350 3.604500
0.447412 2.828043
0.020071 2.953070
0.890527 4.307006
0.086920 5.444595
0.127580 4.379040
0.356097 3.965754
0.152859 2.301688
0.173374 4.343047
0.982379 3.792946
0.817072 3.428847
0.556763 3.388457
0.323679 2.779162
0.610620 2.750369
0.532589 1.207653
0.989960 3.288023
0.760228 3.141303
0.929529 4.420009
0.938340 2.458610
0.841829 2.107819
0.164266 5.295355
0.877201 3.348772
0.462680 3.490734
0.899575 4.107010
0.116898 4.785217
0.794025 4.960156
0.151675 3.229939
0.569890 5.265306
0.110632 5.072690
0.149917 5.239173
0.693948 2.313422
0.908451 3.976950
0.153351 4.009262
0.872124 5.368540
0.707239 3.086464
0.736444 4.273884
0.984841 4.534829
0.518838 2.646045
0.802853 2.104088
0.919856 3.042004
0.224605 2.922831
0.418925 4.939566
0.013094 5.124761
0.414624 4.339895
0.067076 5.026712
0.190688 2.738840
0.775528 3.105769
0.559640 4.020668
0.373309 2.807639
0.156153 3.801440
0.231075 3.560274
0.178545 2.954441
0.722267 4.911303
0.204984 3.004104
0.207886 2.847638
0.892672 2.923912
0.590295 3.423685
0.436127 4.235386
0.868468 4.423986
0.022469 4.499382
0.139356 5.699007
0.272307 3.534097
0.274055 4.756959
0.010996 6.373188
0.600517 4.009783
0.383139 3.023217
0.082799 3.828651
0.355673 4.216587
0.663671 3.432687
0.262264 3.779075
0.334244 3.517638
0.495491 4.211288
0.799416 3.254202
0.091582 5.741007
0.185133 6.455940
0.658783 4.121501
0.221209 5.776256
0.925248 2.708512
0.697420 5.687733
0.474214 5.546694
0.037008 2.953895
0.696289 2.531274
0.539491 4.968926
0.615863 2.098824
0.874702 5.643786
0.350712 4.656826
0.873677 4.387895
0.737582 1.686503
0.296308 2.810286
0.427773 4.417361
0.786345 4.028487
0.467402 3.902973
0.942732 3.224259
0.176528 3.570375
0.057843 8.753894
0.173895 4.531045
0.815833 2.624034
0.580086 2.532765
0.888748 5.655730
0.550857 2.141745
0.723420 2.560790
0.076131 5.743139
0.824681 3.114610
0.878630 5.466459
0.708363 5.089171
0.752717 3.356478
0.825817 2.243324
0.817967 2.718949
0.616927 4.616316
0.539985 4.136752
0.962992 3.214671
0.937228 2.812483
0.067351 4.032212
0.871537 4.818814
0.758263 1.441450
0.770407 4.179408
0.426181 4.169792
0.220770 3.774125
0.950864 3.118344
0.638526 3.747720
0.894099 1.755823
0.368526 5.045184
0.868623 5.443288
0.626220 3.089091
0.796537 2.348703
0.430306 2.697389
0.268993 3.437730
0.072447 4.369254
0.694982 3.842118
0.104930 4.468486
0.618156 2.910687
0.517712 1.161689
0.396923 4.394232
0.200150 3.670622
0.031586 5.600051
0.870969 4.537178
0.080115 6.347749
0.643578 2.515681
0.247103 4.790833
0.336896 4.393017
0.555364 5.517243
0.650326 1.765862
0.257683 5.930045
0.425493 3.477950
0.867031 3.731919
0.873423 3.655061
0.912363 3.617000
0.131568 4.736738
0.971395 2.791047
0.870750 3.153896
0.163524 5.119221
0.325190 4.813648
0.236050 2.569372
0.828883 3.371242
0.167042 3.732575
0.474631 6.036294
0.205841 2.372978
0.936606 2.433082
0.316156 3.558094
0.965119 4.030505
0.454740 3.555561
0.029974 4.851164
0.969912 3.329988
0.177150 6.908472
0.497175 4.014396
0.930949 3.669815
0.393864 4.842056
0.048212 7.219190
0.567016 4.395789
0.667593 5.099153
0.817834 1.611321
0.366462 3.941111
0.237544 2.914375
0.668213 4.192788
0.519082 2.362219
0.398823 4.972996
0.812986 3.181818
0.007563 6.879145
0.060267 4.654419
0.256777 4.179964
0.311308 4.216588
0.121886 3.786895
0.709046 3.329422
0.483546 3.932065
0.951403 4.174792
0.212045 5.977432
0.353421 4.331761
0.423738 3.661709
0.586608 3.674484
0.095715 4.395415
0.231947 5.324081
0.136440 5.143150
0.692436 3.452539
0.578387 2.479140
0.191867 2.409860
0.519060 3.132923
0.880079 3.015212
0.669487 5.365550
0.465206 3.432154
0.690005 2.250543
0.756163 4.828147
0.234642 5.319549
0.539957 3.920547
0.755270 4.284520
0.036160 2.937072
0.936958 2.704937
0.600594 5.445854
0.851425 3.468047
0.380623 6.718718
0.304679 2.932992
0.346100 5.253539
0.862014 4.755859
0.174839 3.328761
0.068172 4.195664
0.965822 2.648758
0.105665 5.003135
0.152025 3.274519
0.994866 3.117756
0.142249 3.010790
0.062292 6.916190
0.306254 3.624610
0.886604 2.277363
0.827538 3.240043
0.481344 2.321989
0.535310 2.741581
0.801537 3.592229
0.454377 3.117741
0.324676 4.131559
0.459447 6.694962
0.315407 4.622463
0.038426 6.466474
0.895118 2.987307
0.150169 4.532498
0.084792 2.460380
0.956501 2.741511
0.774654 1.867104
0.660303 2.017555
0.967860 3.319754
0.205687 4.751803
0.530302 3.986364
0.979970 4.522797
0.656479 2.897050
0.372167 4.911097
0.240693 4.051218
0.285907 7.164877
0.252241 5.914608
0.776447 4.102644
0.937388 1.613141
0.817785 3.914695
0.542237 3.699674
0.688885 4.358247
0.461557 3.857251
0.099178 4.678941
0.733071 3.387684
0.554227 2.905377
0.202481 4.042513
0.305604 5.584224
0.722071 4.032438
0.695618 3.125373
0.092991 4.315141
0.579984 4.477386
0.804989 2.800858
0.058551 6.249813
0.517269 2.592093
0.088600 5.970918
0.933113 4.112427
0.118336 5.122213
0.587769 1.704602
0.024192 4.964670
0.940679 3.952940
0.186101 4.237890
0.080602 5.662149
0.765513 2.823698
0.656955 2.435487
0.261706 3.651069
0.759398 3.054330
0.033614 4.294582
0.411096 3.865922
0.963394 3.141307
0.260158 5.561411
0.198098 5.705277
0.349506 1.702888
0.850616 3.444791
0.722814 2.419407
0.458301 4.777352
0.669022 3.712863
0.062273 4.553199
0.786278 1.575126
0.756752 4.351675
0.870578 4.125953
0.027167 5.063649
0.497813 3.778032
0.775612 3.395716
0.792854 4.158624
0.915090 3.580695
0.316762 6.231229
0.140712 4.484815
0.152104 4.629721
0.803604 5.017374
0.667920 3.788278
0.162233 4.184025
0.890258 3.030258
0.819064 3.443974
0.821637 3.628310
0.335208 3.773217
0.239874 3.727372
0.651148 4.143491
0.979105 2.759240
0.686327 2.332590
0.837041 3.588666
0.305311 2.642821
0.938305 5.222165
0.260287 4.805024
0.447056 4.420041
0.976800 1.992639
0.918077 3.869207
0.753962 4.413240
0.304751 4.396665
0.703686 1.551558
0.468768 2.936858
0.743193 4.351972
0.593222 2.573872
0.794578 4.272278
0.521446 3.067949
0.093857 7.508253
0.571772 3.162949
0.773880 4.444579
0.631308 3.719163
0.104225 5.741189
0.600651 3.597788
0.254392 2.379494
0.276814 4.228204
0.610780 1.858285
0.007664 2.440377
0.802586 3.967172
0.397015 2.418872
0.507412 5.890353
0.131489 3.620970
0.907611 4.090619
0.955061 2.348657
0.257607 3.243041
0.383839 2.821668
0.751178 2.469000
0.668573 2.927235
0.636096 5.768180
0.120558 3.948409
0.011707 4.763548
0.043739 4.481331
0.652292 4.814243
0.275381 4.951706
0.822422 4.335386
0.582199 4.405221
0.374553 3.345451
0.345877 3.072672
0.340604 3.095618
0.605779 3.720727
0.688274 2.032194
0.964017 1.224299
0.160025 3.593915
0.900083 3.770929
0.602943 5.705093
0.389482 2.919537
0.553711 4.859424
0.302333 1.981780
0.270248 5.189635
0.139197 4.544189
0.993848 4.411896
0.201312 3.342521
0.227750 6.687072
0.869969 3.025720
0.275768 5.137267
0.980987 3.733633
0.285784 3.973348
0.492325 5.465288
0.827519 4.273524
0.109264 6.899998
0.062458 5.914977
0.926383 3.075783
0.692532 2.809691
0.278760 4.611651
0.676821 3.339850
0.834145 4.099944
0.658541 4.185273
0.487628 1.915611
0.348821 3.995504
0.955115 2.158453
0.794516 2.042726
0.295290 4.716710
0.405103 3.871498
0.640476 4.732755
0.122921 5.569505
0.624784 3.107713
0.822535 3.408462
0.775346 1.982337
0.629558 2.032602
0.511129 2.128974
0.839338 2.123479
0.101892 4.304850
0.788932 4.549509
0.964078 2.594552
0.632712 2.872405
0.666385 6.211143
0.298052 3.388893
0.360050 4.778206
0.208883 3.536276
0.416504 5.046323
0.472282 4.625402
0.295301 3.912872
0.644833 3.987042
0.287410 2.385684
0.267593 3.424505
0.019328 3.943222
0.530938 3.853241
0.519032 4.840973
0.521296 3.595256
0.807156 1.127901
0.773142 2.076733
0.299801 5.198208
0.898561 4.037727
0.302916 2.304750
0.747444 4.272892
0.785190 4.482597
0.365681 2.507296
0.781322 3.742947
0.388166 4.423817
0.290505 4.495400
0.147303 3.003711
0.957934 3.118900
0.076239 5.038713
0.432816 1.815876
0.049979 8.147864
0.241977 6.593648
0.711723 3.980105
0.593561 3.443233
0.792595 5.904153
0.977308 3.384988
0.247340 4.404081
0.771627 1.458687
0.926194 2.201129
0.848042 2.069730
0.480890 2.863864
0.919531 3.558366
0.392458 6.407566
0.357121 4.022386
0.656631 2.593191
0.505958 1.038934
0.866770 3.772309
0.580089 3.546414
0.894094 5.190225
0.476336 2.892883
0.331565 2.596742
0.940785 4.243714
0.332191 4.685082
0.875883 2.044010
0.127867 4.049113
0.054634 4.540401
0.230417 4.216780
0.663047 4.181446
0.325295 4.324581
0.901940 4.992389
0.590638 3.685012
0.167321 5.280514
0.265326 5.039400
0.102516 5.431895
0.827506 4.831432
0.694595 4.804727
0.195241 5.520637
0.701170 4.909324
0.380518 4.186427
0.025193 6.269608
0.437661 4.537692
0.967035 3.439275
0.179256 4.263750
0.865296 2.655220
0.672703 4.031347
0.832830 2.720928
0.548859 2.952765
0.334050 4.123512
0.285758 3.271115
0.373921 5.827473
0.198992 3.539504
0.276319 4.264402
0.179365 4.969273
0.704554 2.495752
0.205333 3.821152
0.968537 2.676557
0.297291 4.148281
0.267402 4.101405
0.706630 3.145741
0.866096 3.592987
0.736535 4.180968
0.680112 2.219242
0.450254 4.673115
0.672460 2.697425
0.092625 5.536334
0.434403 3.829208
0.637688 2.247433
0.877470 1.924136
0.270806 3.289993
0.606732 4.704189
0.805090 4.315942
0.616784 3.790820
0.371113 4.685675
0.368449 5.667050
0.630247 3.310445
0.649322 3.829545
0.443919 1.833043
0.491096 4.253357
0.655174 1.193458
0.185647 6.644309
0.110432 3.398577
0.535554 4.411224
0.307796 5.292960
0.505634 4.432566
0.553371 4.197951
0.837908 4.559937
0.160365 4.101825
0.117551 3.902787
0.514933 0.960611
0.890856 1.422019
0.519225 2.500872
0.234203 5.079289
0.415775 4.706791
0.171694 5.380702
0.532504 2.251606
0.142842 4.998747
0.204316 3.908770
0.069046 5.632863
0.253272 4.531311
0.821388 4.206322
0.451294 4.675701
0.075700 5.484096
0.066974 6.550619
0.066565 4.686064
0.433472 4.144860
0.350521 2.704357
0.722738 2.761370
0.661684 3.716365
0.548419 4.141024
0.751747 3.710355
0.620474 3.648031
0.749978 5.183933
0.889128 3.005061
0.716397 1.773313
0.214913 4.468913
0.076972 6.039294
0.796241 3.713562
0.636374 2.669286
0.218716 5.087990
0.778025 2.952121
0.368347 1.704923
0.879186 2.425222
0.323027 6.192597
0.996158 4.048784
0.067256 5.250597
0.806665 3.644605
0.411192 2.648320
0.566181 2.277116
0.764353 3.932255
0.619526 4.865285
0.580950 5.428532
0.389230 5.381880
0.341905 5.551866
0.649509 3.920364
0.454764 5.216720
0.167357 5.648725
0.275288 3.417064
0.705139 3.771533
0.019145 7.203773
0.802811 4.109663
0.153691 5.313020
0.592840 1.619392
0.084565 7.003957
0.211232 5.817925
0.286520 5.706426
0.622631 4.305456
0.335279 5.558663
0.937965 1.103813
0.229366 2.398591
0.147276 6.974878
0.278368 3.579880
0.129679 3.310516
0.210507 4.755957
0.154925 3.415482
0.803805 2.266509
0.623998 2.366011
0.306463 3.719998
0.725006 5.152686
0.313875 6.711658
0.371467 3.911821
0.483181 4.770160
0.328233 3.252176
0.951445 2.879442
0.644745 3.275760
0.141224 3.085851
0.182838 6.577217
0.571260 3.132514
0.087017 5.596441
0.672765 2.772566
0.263247 4.882367
0.750266 1.783405
0.486130 2.841343
0.238147 5.579668
0.154492 5.641826
0.769449 2.410038
0.204448 5.208442
0.509854 2.212409
0.438179 2.940974
0.237479 3.344024
0.281050 3.753134
0.750770 3.125715
0.565782 2.620964
0.826859 3.149543
0.030104 6.892332
0.611464 5.170555
0.884855 3.767327
0.010284 7.545208
0.311879 2.477515
0.343387 4.775019
0.928631 1.368779
0.150472 4.927117
0.470960 5.337552
0.904360 2.625149
0.212447 5.155685
0.895563 3.615776
0.190610 4.043798
0.119891 4.786249
0.299942 2.861147
0.546696 4.988357
0.931555 4.957159
0.399519 3.949821
0.104455 5.035884
0.214696 3.272704
0.658718 2.453507
0.296358 6.235087
0.969724 1.283070
0.692011 2.727598
0.577632 4.631979
0.350819 3.534694
0.084688 4.840673
0.380991 4.988291
0.303286 5.547278
0.531572 2.074687
0.656410 4.192876
0.417667 4.626643
0.076803 5.151337
0.814671 2.217769
0.354898 3.744961
0.395259 2.505380
0.419183 3.664343
0.502427 5.377506
0.934304 4.292426
0.752398 4.147267
0.824472 4.037099
0.431302 4.717986
0.484021 3.336238
0.039269 5.515152
0.395155 5.107211
0.946756 4.010783
0.025770 5.278865
0.938530 2.063291
0.546459 2.217249
0.757283 2.511079
0.016592 4.456888
0.023708 5.523375
0.868410 2.314353
0.573950 1.912865
0.787372 2.224260
0.973800 2.833060
0.904243 2.215051
0.832364 3.493550
0.930398 2.800451
0.083525 3.786049
0.442107 2.833679
0.571996 3.479258
0.268174 3.303476
0.034673 4.899181
0.259828 4.926626
0.411304 4.801273
0.824350 2.744610
0.671271 2.662476
0.988421 4.997676
0.866102 2.936699
0.427486 3.863374
0.934433 4.777104
0.016200 6.825169
0.294067 4.416059
0.102843 6.065242
0.324329 5.272106
0.575359 3.158534
0.692354 3.225001
0.059943 4.141554
0.734151 3.639199
0.465337 0.928824
0.631375 2.613140
0.663824 4.495682
0.563920 2.365250
0.340959 4.489751
0.293353 6.071200
0.676361 3.427708
0.271955 4.491058
0.016243 5.801172
0.342731 4.085525
0.649788 3.636048
0.118219 3.291597
0.012897 7.246136
0.514461 3.101101
0.388726 1.659614
0.176897 6.240269
0.995569 3.209405
0.402704 3.630022
0.632396 3.823846
0.753472 4.808034
0.186640 3.210343
0.849959 2.260255
0.478491 2.498900
0.105483 4.741350
0.820068 2.447963
0.307771 6.012527
0.730222 2.878984
0.701738 3.254309
0.315773 3.899260
0.675663 3.606900
0.934730 3.099265
0.377839 2.271319
0.658102 3.980418
0.115146 5.426275
0.442033 4.843034
0.648765 3.957518
0.581737 2.337941
0.162661 3.641539
0.595230 4.825750
0.540279 3.680388
0.296326 2.891914
0.080615 7.194052
0.080187 6.362387
0.277069 6.104053
0.177154 3.868037
0.580645 5.433035
0.950533 3.044842
0.280335 3.458393
0.054565 5.169107
0.442577 4.489098
0.353103 5.718250
0.784405 4.367295
0.605090 2.936405
0.059587 5.179851
0.666522 1.553089
0.202294 3.128473
0.483294 3.626706
0.062041 5.105721
0.557874 2.173812
0.185277 4.855742
0.842165 1.055330
0.123284 4.910015
0.684314 3.612645
0.076758 4.273846
0.489644 1.901475
0.098424 6.029112
0.393147 2.702553
0.677546 3.601483
0.280601 4.990533
0.874307 3.063513
0.978221 3.260669
0.420011 6.108090
0.059617 4.493740
0.402739 4.650645
0.396001 4.259618
0.907042 3.671277
0.483803 3.764574
0.161458 4.158512
0.742271 2.976212
0.261162 5.906233
0.610108 2.380765
0.599299 2.399617
0.285626 4.816538
0.174409 3.987680
0.407366 3.301657
0.861665 4.931689
0.429673 4.772684
0.268798 2.911644
0.587992 2.245355
0.171829 3.337229
0.811866 3.625335
0.932753 2.387133
0.564591 6.186808
0.720157 2.505582
0.897386 2.348501
0.500058 4.673017
0.312598 4.670979
0.934544 4.215021
0.965639 3.062832
0.575061 2.698579
0.645219 2.972303
0.198632 6.125053
0.896995 3.934396
0.339241 2.023522
0.316943 5.870626
0.857231 4.328140
0.682540 3.541155
0.119953 4.923816
0.952387 4.213346
0.945750 3.233839
0.741978 3.428374
0.053635 5.868731
0.168279 5.145165
0.511114 5.219137
0.709389 4.105017
0.362983 4.332671
0.886380 3.870413
0.270559 4.811212
0.393122 3.389930
0.369136 3.417759
0.879915 3.542820
0.249973 3.820590
0.422192 4.853892
0.418970 3.942570
0.320855 6.067517
0.345017 1.998356
0.000227 6.965342
0.120364 5.001316
0.119141 4.393585
0.718718 2.375343
0.053831 3.726261
0.341244 5.101697
0.866036 3.748391
0.483232 4.891170
0.992136 3.176172
0.006982 4.849935
0.827524 1.250236
0.068187 3.726398
0.376867 5.251858
0.106801 3.918513
0.320401 3.591156
0.123846 4.656667
0.544631 4.035216
0.168810 4.841508
0.934796 4.717727
0.284184 3.464333
0.159880 3.890402
0.796441 3.567389
0.087447 2.933444
0.955649 2.378857
0.392218 3.955618
0.981258 3.403237
0.192016 6.300597
0.625433 2.767939
0.635645 3.472361
0.382123 1.887666
0.642795 4.530095
0.204088 3.550609
0.883684 2.834832
0.316101 2.797939
0.080581 3.667477
0.006047 4.965571
0.161695 5.506784
0.884479 2.321245
0.916489 2.896122
0.952062 3.688648
0.257063 5.026542
0.423770 4.435418
0.351650 6.204718
0.341849 4.999222
0.940992 5.077331
0.395053 3.208274
0.748963 3.337623
0.545696 3.253268
0.216031 6.593549
0.475100 4.622169
0.446726 0.927108
0.977284 3.710186
0.153145 6.303963
0.975410 2.537450
0.897397 3.028419
