# ZDT1 - All evaluated solutions
0.374540 0.950714 0.731994 0.598658 0.156019
0.155995 0.058084 0.866176 0.601115 0.708073
0.020584 0.969910 0.832443 0.212339 0.181825
0.183405 0.304242 0.524756 0.431945 0.291229
0.611853 0.139494 0.292145 0.366362 0.456070
0.785176 0.199674 0.514234 0.592415 0.046450
0.607545 0.170524 0.065052 0.948886 0.965632
0.808397 0.304614 0.097672 0.684233 0.440152
0.122038 0.495177 0.034389 0.909320 0.258780
0.662522 0.311711 0.520068 0.546710 0.184854
0.969585 0.775133 0.939499 0.894827 0.597900
0.921874 0.088493 0.195983 0.045227 0.325330
0.388677 0.271349 0.828738 0.356753 0.280935
0.542696 0.140924 0.802197 0.074551 0.986887
0.772245 0.198716 0.005522 0.815461 0.706857
0.729007 0.771270 0.074045 0.358466 0.115869
0.863103 0.623298 0.330898 0.063558 0.310982
0.325183 0.729606 0.637557 0.887213 0.472215
0.119594 0.713245 0.760785 0.561277 0.770967
0.493796 0.522733 0.427541 0.025419 0.107891
0.031429 0.636410 0.314356 0.508571 0.907566
0.249292 0.410383 0.755551 0.228798 0.076980
0.289751 0.161221 0.929698 0.808120 0.633404
0.871461 0.803672 0.186570 0.892559 0.539342
0.807440 0.896091 0.318003 0.110052 0.227935
0.427108 0.818015 0.860731 0.006952 0.510747
0.417411 0.222108 0.119865 0.337615 0.942910
0.323203 0.518791 0.703019 0.363630 0.971782
0.962447 0.251782 0.497249 0.300878 0.284840
0.036887 0.609564 0.502679 0.051479 0.278646
0.908266 0.239562 0.144895 0.489453 0.985650
0.242055 0.672136 0.761620 0.237638 0.728216
0.367783 0.632306 0.633530 0.535775 0.090290
0.835302 0.320780 0.186519 0.040775 0.590893
0.677564 0.016588 0.512093 0.226496 0.645173
0.174366 0.690938 0.386735 0.936730 0.137521
0.341066 0.113474 0.924694 0.877339 0.257942
0.659984 0.817222 0.555201 0.529651 0.241852
0.093103 0.897216 0.900418 0.633101 0.339030
0.349210 0.725956 0.897110 0.887086 0.779876
0.642032 0.084140 0.161629 0.898554 0.606429
0.009197 0.101472 0.663502 0.005062 0.160808
0.548734 0.691895 0.651961 0.224269 0.712179
0.237249 0.325400 0.746491 0.649633 0.849223
0.657613 0.568309 0.093675 0.367716 0.265202
0.243990 0.973011 0.393098 0.892047 0.631139
0.794811 0.502637 0.576904 0.492518 0.195243
0.722452 0.280772 0.024316 0.645472 0.177111
0.940459 0.953929 0.914864 0.370159 0.015457
0.928319 0.428184 0.966655 0.963620 0.853009
0.294449 0.385098 0.851137 0.316922 0.169493
0.556801 0.936155 0.696030 0.570061 0.097176
0.615007 0.990054 0.140084 0.518330 0.877373
0.740769 0.697016 0.702484 0.359491 0.293592
0.809361 0.810113 0.867072 0.913241 0.511342
0.501516 0.798295 0.649964 0.701967 0.795793
0.890005 0.337995 0.375583 0.093982 0.578280
0.035942 0.465598 0.542645 0.286541 0.590833
0.030500 0.037348 0.822601 0.360191 0.127061
0.522243 0.769994 0.215821 0.622890 0.085347
0.051682 0.531355 0.540635 0.637430 0.726091
0.975852 0.516300 0.322956 0.795186 0.270832
0.438971 0.078456 0.025351 0.962648 0.835980
0.695974 0.408953 0.173294 0.156437 0.250243
0.549227 0.714596 0.660197 0.279934 0.954865
0.737897 0.554354 0.611721 0.419600 0.247731
0.355973 0.757846 0.014393 0.116073 0.046003
0.040729 0.855461 0.703658 0.474174 0.097834
0.491616 0.473472 0.173202 0.433852 0.398505
0.615850 0.635094 0.045304 0.374613 0.625860
0.503136 0.856490 0.658694 0.162934 0.070569
0.642419 0.026511 0.585776 0.940230 0.575474
0.388170 0.643288 0.458253 0.545617 0.941465
0.386103 0.961191 0.905351 0.195791 0.069361
0.100778 0.018222 0.094443 0.683007 0.071189
0.318976 0.844875 0.023272 0.814468 0.281855
0.118165 0.696737 0.628943 0.877472 0.735071
0.803481 0.282035 0.177440 0.750615 0.806835
0.990505 0.412618 0.372018 0.776413 0.340804
0.930757 0.858413 0.428994 0.750871 0.754543
0.103124 0.902553 0.505252 0.826457 0.320050
0.895523 0.389202 0.010838 0.905382 0.091287
0.319314 0.950062 0.950607 0.573438 0.631837
0.448446 0.293211 0.328665 0.672518 0.752375
0.791579 0.789618 0.091206 0.494420 0.057559
0.549529 0.441531 0.887704 0.350915 0.117067
0.142992 0.761511 0.618218 0.101123 0.084107
0.700969 0.072763 0.821860 0.706242 0.081349
0.084838 0.986640 0.374271 0.370642 0.812800
0.947249 0.986001 0.753378 0.376260 0.083501
0.777147 0.558404 0.424222 0.906354 0.111197
0.492625 0.011354 0.468661 0.056303 0.118818
0.117526 0.649210 0.746045 0.583369 0.962173
0.374871 0.285712 0.868599 0.223596 0.963223
0.012154 0.969879 0.043160 0.891143 0.527701
0.992965 0.073797 0.553854 0.969303 0.523098
0.629399 0.695749 0.454541 0.627558 0.584314
0.901158 0.045446 0.280963 0.950411 0.890264
0.455657 0.620133 0.277381 0.188121 0.463698
0.353352 0.583656 0.077735 0.974395 0.986211
0.698162 0.536096 0.309528 0.813795 0.684731
0.162617 0.910927 0.822537 0.949800 0.725720
0.613415 0.418243 0.932728 0.866064 0.045219
0.026367 0.376463 0.810553 0.987276 0.150417
0.594131 0.380891 0.969914 0.842119 0.838329
0.468693 0.414820 0.273407 0.056375 0.864722
0.812901 0.999718 0.996637 0.555432 0.768987
0.944766 0.849647 0.247348 0.450544 0.129159
0.954051 0.606175 0.228643 0.671701 0.618128
0.358163 0.113558 0.671573 0.520308 0.772318
0.520164 0.852182 0.551907 0.560938 0.876654
0.403483 0.134015 0.028783 0.755137 0.620310
0.704080 0.212964 0.136371 0.014545 0.350588
0.589918 0.392244 0.437475 0.904159 0.348255
0.513989 0.783653 0.396543 0.622087 0.862364
0.949521 0.147073 0.926588 0.492116 0.258244
0.459136 0.980033 0.492618 0.328752 0.633401
0.240146 0.075863 0.128880 0.128046 0.151903
0.138827 0.640875 0.181880 0.345667 0.896788
0.473962 0.667558 0.172320 0.192289 0.040869
0.168935 0.278590 0.177010 0.088703 0.120636
0.460779 0.206334 0.364270 0.503417 0.690395
0.039312 0.799410 0.627900 0.081759 0.873579
0.920872 0.061078 0.276878 0.806201 0.748260
0.184521 0.209349 0.370472 0.484523 0.618255
0.368914 0.462535 0.747471 0.036683 0.252437
0.713350 0.895207 0.511677 0.532113 0.107172
0.447412 0.532617 0.242471 0.269243 0.377284
0.020071 0.322079 0.211448 0.327497 0.119762
0.890527 0.593592 0.679102 0.789171 0.498442
0.086920 0.537107 0.586841 0.745439 0.431660
0.127580 0.283776 0.363082 0.645917 0.570778
0.356097 0.986515 0.605775 0.237227 0.101782
0.152859 0.245958 0.160681 0.186567 0.285095
0.173374 0.896765 0.080234 0.524511 0.410397
0.982379 0.112039 0.397856 0.969470 0.865507
0.817072 0.257903 0.170888 0.668643 0.929376
0.556763 0.571613 0.279979 0.769493 0.187044
0.323679 0.425436 0.507610 0.242410 0.114837
0.610620 0.288631 0.581238 0.154363 0.481140
0.532589 0.051824 0.336604 0.134415 0.063375
0.989960 0.322354 0.809874 0.254641 0.681503
0.760228 0.595639 0.471576 0.411841 0.348868
0.929529 0.830619 0.965027 0.124297 0.730867
0.938340 0.181233 0.066496 0.741121 0.574473
0.841829 0.139772 0.795267 0.201627 0.163656
0.164266 0.814575 0.665197 0.523065 0.358830
0.877201 0.392445 0.816599 0.439135 0.376944
0.462680 0.301378 0.747609 0.502720 0.232213
0.899575 0.383891 0.543553 0.906472 0.624238
0.116898 0.939832 0.627708 0.334906 0.139272
0.794025 0.620073 0.533461 0.893893 0.788597
0.151675 0.311722 0.248489 0.743946 0.033532
0.569890 0.762459 0.876766 0.342082 0.821257
0.110632 0.846452 0.127489 0.397287 0.797295
0.149917 0.229251 0.722253 0.720037 0.641148
0.693948 0.542724 0.251799 0.345696 0.181598
0.908451 0.583392 0.400851 0.462006 0.947283
0.153351 0.586230 0.505889 0.611454 0.018110
0.872124 0.932118 0.565133 0.696651 0.922499
0.707239 0.152539 0.576288 0.606715 0.424131
0.736444 0.934367 0.925569 0.450839 0.113238
0.984841 0.838898 0.124663 0.920842 0.869896
0.518838 0.591275 0.399003 0.054762 0.335197
0.802853 0.004632 0.333499 0.398169 0.537396
0.919856 0.346346 0.346953 0.737501 0.452218
0.224605 0.452440 0.140857 0.176387 0.498368
0.418925 0.914846 0.362394 0.580588 0.632264
0.013094 0.663537 0.178036 0.961070 0.148663
0.414624 0.085350 0.996874 0.502195 0.595385
0.067076 0.749960 0.209906 0.898054 0.205140
0.190688 0.036550 0.472067 0.564841 0.065709
0.775528 0.453289 0.524390 0.440763 0.400763
0.559640 0.155240 0.181928 0.861786 0.946115
0.373309 0.270745 0.644000 0.408734 0.025386
0.156153 0.715972 0.658924 0.027096 0.221972
0.231075 0.671893 0.019711 0.104109 0.799916
0.178545 0.652746 0.238183 0.099441 0.243172
0.722267 0.855696 0.830220 0.397184 0.668085
0.204984 0.293148 0.896336 0.013002 0.085509
0.207886 0.026532 0.181435 0.583042 0.421425
0.892672 0.817444 0.341817 0.259423 0.379692
0.590295 0.268064 0.624149 0.409412 0.552047
0.436127 0.294466 0.948453 0.763606 0.140113
0.868468 0.487431 0.894552 0.799855 0.425214
0.022469 0.268677 0.541634 0.633478 0.257888
0.139356 0.834930 0.984402 0.525690 0.171679
0.272307 0.018391 0.914299 0.117751 0.576516
0.274055 0.554178 0.651420 0.829742 0.206421
0.010996 0.136886 0.900019 0.873890 0.597413
0.600517 0.665037 0.175371 0.914412 0.418771
0.383139 0.518918 0.046966 0.166283 0.738034
0.082799 0.603152 0.245349 0.389296 0.288694
0.355673 0.719046 0.297122 0.566405 0.476050
0.663671 0.936830 0.732572 0.214940 0.031183
0.262264 0.595078 0.051426 0.496366 0.596843
0.334244 0.770912 0.106598 0.075138 0.728189
0.495491 0.688402 0.434827 0.246402 0.819102
0.799416 0.694696 0.272145 0.590231 0.360974
0.091582 0.917314 0.136819 0.950237 0.446006
0.185133 0.541901 0.872946 0.732225 0.806561
0.658783 0.692277 0.849196 0.249668 0.489425
0.221209 0.987668 0.944059 0.039427 0.705575
0.925248 0.180575 0.567945 0.915488 0.033946
0.697420 0.297349 0.924396 0.971058 0.944266
0.474214 0.862043 0.844549 0.319100 0.828915
0.037008 0.596270 0.230009 0.120567 0.076953
0.696289 0.339875 0.724767 0.065356 0.315290
0.539491 0.790723 0.318753 0.625891 0.885978
0.615863 0.232959 0.024401 0.870099 0.021269
0.874702 0.528937 0.939068 0.798783 0.997934
0.350712 0.767188 0.401931 0.479876 0.627505
0.873677 0.984083 0.768273 0.417767 0.421357
0.737582 0.238777 0.110474 0.354622 0.287239
0.296308 0.233608 0.042093 0.017874 0.987722
0.427773 0.384327 0.679647 0.218254 0.949961
0.786345 0.089411 0.417581 0.879118 0.944732
0.467402 0.613411 0.167034 0.991169 0.231672
0.942732 0.649647 0.607737 0.512689 0.230670
0.176528 0.220486 0.186438 0.779584 0.350125
0.057843 0.969103 0.883786 0.927752 0.994908
0.173895 0.396242 0.758238 0.696021 0.153896
0.815833 0.224441 0.223818 0.536974 0.592940
0.580086 0.091487 0.877461 0.265600 0.129515
0.888748 0.955651 0.862128 0.809516 0.655242
0.550857 0.086987 0.408453 0.372689 0.259754
0.723420 0.495876 0.081046 0.220183 0.683259
0.076131 0.851207 0.495147 0.480587 0.592408
0.824681 0.347809 0.678016 0.565732 0.267028
0.878630 0.797426 0.658452 0.850582 0.867294
0.708363 0.837013 0.697471 0.680141 0.618611
0.752717 0.158605 0.880871 0.871844 0.029247
0.825817 0.128870 0.335119 0.743508 0.160760
0.817967 0.832134 0.507468 0.006386 0.287038
0.616927 0.981186 0.631814 0.259804 0.634006
0.539985 0.779845 0.106981 0.761028 0.541267
0.962992 0.341872 0.632622 0.932028 0.102510
0.937228 0.687886 0.067837 0.300964 0.708172
0.067351 0.582170 0.345883 0.620916 0.045742
0.871537 0.973489 0.968878 0.749652 0.130086
0.758263 0.024587 0.022124 0.323610 0.488643
0.770407 0.683295 0.445903 0.273627 0.997125
0.426181 0.451387 0.163624 0.794810 0.693682
0.220770 0.082381 0.680499 0.654511 0.273260
0.950864 0.151058 0.432335 0.943616 0.419727
0.638526 0.397594 0.274215 0.983978 0.409334
0.894099 0.229955 0.213105 0.031134 0.651667
0.368526 0.864358 0.473210 0.968193 0.185526
0.868623 0.776597 0.770922 0.844783 0.761024
0.626220 0.131245 0.032526 0.920848 0.616650
0.796537 0.481522 0.117308 0.125186 0.685565
0.430306 0.200525 0.491595 0.064209 0.581971
0.268993 0.797559 0.310362 0.455220 0.011621
0.072447 0.392494 0.479939 0.600021 0.291663
0.694982 0.860122 0.779851 0.039619 0.480507
0.104930 0.242045 0.986663 0.142496 0.498888
0.618156 0.702465 0.559649 0.009771 0.326461
0.517712 0.087866 0.350627 0.033203 0.078578
0.396923 0.132716 0.567541 0.689465 0.800587
0.200150 0.167483 0.104568 0.636430 0.706476
0.031586 0.936212 0.051971 0.541296 0.709061
0.870969 0.714087 0.801728 0.339450 0.814825
0.080115 0.894817 0.547592 0.817298 0.452318
0.643578 0.526403 0.731590 0.081630 0.060352
0.247103 0.159545 0.871784 0.219214 0.975865
0.336896 0.182118 0.789699 0.658708 0.498196
0.555364 0.719202 0.228455 0.996334 0.974793
0.650326 0.199542 0.680228 0.072198 0.030653
0.257683 0.462623 0.868273 0.727169 0.742707
0.425493 0.345935 0.371039 0.987650 0.040109
0.867031 0.578675 0.438615 0.725258 0.486669
0.873423 0.900702 0.421721 0.276828 0.592350
0.912363 0.210662 0.622967 0.631560 0.733113
0.131568 0.715825 0.909033 0.179683 0.237543
0.971395 0.180977 0.854385 0.492278 0.247231
0.870750 0.445305 0.514817 0.359233 0.592951
0.163524 0.391082 0.969412 0.258133 0.656737
0.325190 0.773473 0.130874 0.969821 0.453790
0.236050 0.073497 0.169758 0.519774 0.337003
0.828883 0.430888 0.248714 0.617145 0.706777
0.167042 0.167619 0.036671 0.736402 0.663805
0.474631 0.844170 0.805670 0.585354 0.868271
0.205841 0.111920 0.269750 0.057087 0.531170
0.936606 0.039344 0.122110 0.452199 0.933875
0.316156 0.507235 0.041573 0.148343 0.986630
0.965119 0.004940 0.951812 0.639120 0.867918
0.454740 0.515596 0.488847 0.666864 0.139651
0.029974 0.307930 0.704681 0.201853 0.673432
0.969912 0.093901 0.672602 0.443750 0.868142
0.177150 0.692626 0.838115 0.944614 0.683248
0.497175 0.617847 0.868905 0.570610 0.030387
0.930949 0.689527 0.676513 0.215675 0.658885
0.393864 0.651233 0.106593 0.657845 0.999414
0.048212 0.977174 0.406908 0.870753 0.782385
0.567016 0.738449 0.878516 0.404140 0.327033
0.667593 0.807846 0.762285 0.797814 0.435583
0.817834 0.120209 0.544489 0.005759 0.324586
0.366462 0.396173 0.695467 0.388558 0.448694
0.237544 0.373252 0.227270 0.073196 0.603449
0.668213 0.619490 0.463494 0.379786 0.863334
0.519082 0.479182 0.025642 0.341248 0.380196
0.398823 0.580172 0.533603 0.607905 0.764883
0.812986 0.718123 0.955524 0.018233 0.195778
0.007563 0.647475 0.898031 0.243482 0.927035
0.060267 0.934436 0.351623 0.101421 0.485872
0.256777 0.284873 0.307290 0.803026 0.539161
0.311308 0.610334 0.716151 0.272624 0.413549
0.121886 0.181149 0.681118 0.181438 0.525163
0.709046 0.106877 0.567312 0.256563 0.962927
0.483546 0.805993 0.550227 0.043413 0.633151
0.951403 0.601612 0.819189 0.884206 0.228080
0.212045 0.610981 0.411028 0.839861 0.900023
0.353421 0.236871 0.780526 0.274806 0.822614
0.423738 0.667550 0.095535 0.623859 0.451768
0.586608 0.168014 0.736874 0.862797 0.216740
0.095715 0.023639 0.641972 0.607094 0.546697
0.231947 0.390906 0.594476 0.496767 0.987786
0.136440 0.695145 0.404319 0.428200 0.717598
0.692436 0.991256 0.128394 0.104110 0.724339
0.578387 0.274161 0.079419 0.085658 0.894191
0.191867 0.323372 0.226656 0.354996 0.069424
0.519060 0.067613 0.800357 0.233712 0.540012
0.880079 0.650877 0.532958 0.324334 0.333002
0.669487 0.994139 0.661839 0.557783 0.730651
0.465206 0.060142 0.562297 0.957625 0.175303
0.690005 0.200934 0.535828 0.096676 0.450371
0.756163 0.347572 0.664912 0.795450 0.927178
0.234642 0.399316 0.152416 0.992484 0.927001
0.539957 0.842033 0.520958 0.623586 0.089124
0.755270 0.127713 0.826068 0.782028 0.708745
0.036160 0.303128 0.263113 0.360136 0.087643
0.936958 0.553802 0.305524 0.396982 0.447203
0.600594 0.515679 0.919392 0.496963 0.992158
0.851425 0.208511 0.930595 0.116366 0.817450
0.380623 0.877974 0.868057 0.805925 0.790030
0.304679 0.080919 0.402980 0.173525 0.694951
0.346100 0.975610 0.640972 0.822481 0.132525
0.862014 0.922757 0.487062 0.606253 0.764810
0.174839 0.502566 0.398663 0.146374 0.367534
0.068172 0.025812 0.135166 0.963115 0.549530
0.965822 0.432498 0.311816 0.506142 0.439512
0.105665 0.640826 0.216038 0.619588 0.650201
0.152025 0.061350 0.780762 0.459800 0.058164
0.994866 0.057781 0.695035 0.983679 0.239180
0.142249 0.121385 0.303275 0.101046 0.692161
0.062292 0.509422 0.996697 0.813970 0.615219
0.306254 0.623896 0.527041 0.426083 0.130710
0.886604 0.449785 0.194623 0.367759 0.414130
0.827538 0.733614 0.769305 0.011031 0.416154
0.481344 0.019192 0.259813 0.760290 0.137110
0.535310 0.215202 0.012121 0.241201 0.975874
0.801537 0.959577 0.487854 0.109736 0.547959
0.454377 0.844357 0.098083 0.488241 0.150049
0.324676 0.737357 0.476018 0.375888 0.394476
0.459447 0.785017 0.892085 0.955335 0.786903
0.315407 0.688135 0.437603 0.254671 0.840872
0.038426 0.901762 0.461477 0.637201 0.659354
0.895118 0.636670 0.613934 0.066652 0.518408
0.150169 0.737434 0.512222 0.680228 0.041673
0.084792 0.716323 0.072084 0.071257 0.012108
0.956501 0.737508 0.353251 0.296536 0.349703
0.774654 0.661371 0.185196 0.174109 0.098396
0.660303 0.764373 0.265046 0.020945 0.082172
0.967860 0.295445 0.769223 0.624664 0.381940
0.205687 0.121386 0.615013 0.774634 0.643904
0.530302 0.041951 0.968489 0.798714 0.292822
0.979970 0.601882 0.582423 0.748073 0.811770
0.656479 0.128096 0.338268 0.928084 0.224616
0.372167 0.432077 0.439405 0.612940 0.943076
0.240693 0.121501 0.197470 0.886925 0.645811
0.285907 0.815947 0.861370 0.846514 0.918927
0.252241 0.755042 0.460539 0.841999 0.728491
0.776447 0.656162 0.177429 0.545027 0.984670
0.937388 0.043174 0.164815 0.131729 0.725980
0.817785 0.213511 0.505853 0.840703 0.732802
0.542237 0.590348 0.508361 0.297548 0.565022
0.688885 0.873323 0.636291 0.761122 0.160072
0.461557 0.009332 0.246679 0.726462 0.991810
0.099178 0.401494 0.800071 0.204036 0.555085
0.733071 0.615985 0.188025 0.355385 0.783792
0.554227 0.005230 0.760991 0.035311 0.745734
0.202481 0.958073 0.367941 0.326932 0.148888
0.305604 0.876651 0.996334 0.368310 0.448611
0.722071 0.886196 0.593044 0.391526 0.412622
0.695618 0.003218 0.619589 0.355493 0.794197
0.092991 0.588202 0.480973 0.642326 0.064854
0.579984 0.561485 0.560660 0.603488 0.676468
0.804989 0.269821 0.825049 0.498256 0.077058
0.058551 0.334238 0.784897 0.707681 0.788615
0.517269 0.440199 0.147453 0.328193 0.434019
0.088600 0.220612 0.598225 0.735663 0.998348
0.933113 0.642565 0.421248 0.636177 0.785652
0.118336 0.409905 0.839802 0.383833 0.571872
0.587769 0.184476 0.362235 0.334511 0.026197
0.024192 0.831697 0.273071 0.518079 0.298726
0.940679 0.259297 0.429657 0.872730 0.841934
0.186101 0.802643 0.458187 0.482969 0.133480
0.080602 0.727939 0.496461 0.436851 0.729508
0.765513 0.158908 0.610225 0.135354 0.751375
0.656955 0.956615 0.068958 0.057055 0.282187
0.261706 0.246979 0.906255 0.249546 0.271950
0.759398 0.449740 0.776711 0.065366 0.487571
0.033614 0.062653 0.906437 0.139245 0.532421
0.411096 0.347343 0.899833 0.021823 0.663790
0.963394 0.560168 0.936822 0.052258 0.418793
0.260158 0.730821 0.981297 0.256530 0.654175
0.198098 0.565330 0.463932 0.972005 0.608527
0.349506 0.114096 0.151247 0.225317 0.250967
0.850616 0.561223 0.523391 0.114769 0.860140
0.722814 0.067668 0.707835 0.543538 0.081725
0.458301 0.484696 0.165775 0.945698 0.849975
0.669022 0.462296 0.411766 0.650973 0.545432
0.062273 0.512503 0.806404 0.459240 0.051957
0.786278 0.201364 0.258621 0.164706 0.330215
0.756752 0.519386 0.204881 0.877830 0.879582
0.870578 0.238796 0.451239 0.984990 0.772012
0.027167 0.065205 0.463931 0.909220 0.538702
0.497813 0.105474 0.656780 0.822103 0.380420
0.775612 0.964477 0.203766 0.523330 0.287138
0.792854 0.577593 0.634582 0.797914 0.395970
0.915090 0.533029 0.157955 0.695899 0.793261
0.316762 0.857179 0.906143 0.276904 0.983521
0.140712 0.202016 0.184225 0.893990 0.654293
0.152104 0.440323 0.615298 0.083464 0.882416
0.803604 0.505207 0.967127 0.417761 0.984110
0.667920 0.634671 0.165955 0.881928 0.427490
0.162233 0.012608 0.559756 0.527400 0.719354
0.890258 0.079407 0.731496 0.187412 0.858177
0.819064 0.540794 0.710243 0.314350 0.471168
0.821637 0.459265 0.357798 0.494212 0.828249
0.335208 0.173762 0.712014 0.825978 0.100637
0.239874 0.141972 0.347941 0.450351 0.748826
0.651148 0.620929 0.352375 0.841448 0.471287
0.979105 0.634142 0.126265 0.676178 0.325104
0.686327 0.069641 0.174881 0.855737 0.227180
0.837041 0.279276 0.642882 0.694151 0.512655
0.305311 0.212644 0.033189 0.303946 0.653163
0.938305 0.871204 0.766065 0.788447 0.664985
0.260287 0.907195 0.670732 0.560441 0.110989
0.447056 0.460358 0.864564 0.546648 0.380401
0.976800 0.110721 0.422548 0.042025 0.739904
0.918077 0.280037 0.858342 0.292218 0.910770
0.753962 0.804907 0.018007 0.962810 0.726671
0.304751 0.829395 0.281521 0.872754 0.112580
0.703686 0.540698 0.096534 0.241894 0.012404
0.468768 0.301265 0.598357 0.297238 0.299919
0.743193 0.048143 0.902895 0.852264 0.667805
0.593222 0.892302 0.185330 0.078969 0.239510
0.794578 0.034670 0.582807 0.995438 0.855696
0.521446 0.063641 0.831374 0.598979 0.114933
0.093857 0.909627 0.669200 0.829287 0.878979
0.571772 0.517446 0.430427 0.316947 0.434596
0.773880 0.601923 0.892523 0.443380 0.607090
0.631308 0.591697 0.702634 0.237433 0.512364
0.104225 0.384511 0.487667 0.652224 0.950531
0.600651 0.743594 0.506266 0.634104 0.070932
0.254392 0.361853 0.472493 0.045649 0.140024
0.276814 0.971533 0.331347 0.482041 0.196098
0.610780 0.280683 0.206993 0.516573 0.005506
0.007664 0.219069 0.036721 0.108026 0.338861
0.802586 0.572049 0.512668 0.293489 0.931754
0.397015 0.087093 0.617067 0.113838 0.345223
0.507412 0.874223 0.493547 0.702259 0.992817
0.131489 0.274732 0.394576 0.421828 0.411021
0.907611 0.714033 0.607905 0.309373 0.823790
0.955061 0.821198 0.001565 0.636401 0.051135
0.257607 0.059525 0.603795 0.686590 0.114488
0.383839 0.456237 0.369053 0.121025 0.418948
0.751178 0.071008 0.080180 0.354771 0.941726
0.668573 0.678670 0.361920 0.593661 0.010131
0.636096 0.913287 0.612573 0.873699 0.723973
0.120558 0.902453 0.066444 0.533967 0.142137
0.011707 0.422034 0.295041 0.486000 0.577200
0.043739 0.123003 0.558642 0.343167 0.729173
0.652292 0.845604 0.692493 0.429931 0.672967
0.275381 0.306313 0.788985 0.446420 0.798380
0.822422 0.857562 0.916635 0.430985 0.318867
0.582199 0.371172 0.601074 0.705586 0.688405
0.374553 0.166860 0.430529 0.142594 0.890097
0.345877 0.154460 0.025448 0.645822 0.636902
0.340604 0.071712 0.409629 0.311217 0.677121
0.605779 0.364594 0.217893 0.988036 0.454002
0.688274 0.140553 0.485590 0.027537 0.505455
0.964017 0.384207 0.038996 0.030956 0.387987
0.160025 0.023352 0.756214 0.458523 0.289245
0.900083 0.116139 0.955919 0.313967 0.888404
0.602943 0.826707 0.984013 0.288405 0.961135
0.389482 0.385512 0.340387 0.541408 0.154145
0.553711 0.541705 0.761902 0.833650 0.440441
0.302333 0.259335 0.194624 0.057648 0.342448
0.270248 0.966417 0.557709 0.347277 0.580468
0.139197 0.444044 0.626234 0.488898 0.401779
0.993848 0.880315 0.623406 0.569377 0.620660
0.201312 0.395138 0.039460 0.475546 0.543025
0.227750 0.964029 0.909455 0.722143 0.533387
0.869969 0.130652 0.790510 0.124821 0.794211
0.275768 0.877091 0.944042 0.148796 0.462676
0.980987 0.483407 0.863548 0.588732 0.375330
0.285784 0.203223 0.761798 0.386541 0.511275
0.492325 0.577279 0.865577 0.980739 0.407584
0.827519 0.764528 0.573529 0.956047 0.200475
0.109264 0.853962 0.439150 0.846969 0.893090
0.062458 0.883465 0.448319 0.510432 0.626593
0.926383 0.019116 0.476843 0.687722 0.722707
0.692532 0.134435 0.299396 0.358716 0.804437
0.278760 0.210705 0.957448 0.008863 0.997821
0.676821 0.828469 0.294619 0.014315 0.737870
0.834145 0.740476 0.142850 0.753428 0.768923
0.658541 0.766116 0.845921 0.613604 0.088605
0.487628 0.077649 0.407543 0.407106 0.066010
0.348821 0.110998 0.808235 0.947688 0.072316
0.955115 0.522577 0.299566 0.076862 0.500624
0.794516 0.707086 0.050226 0.072902 0.402873
0.295290 0.232384 0.281004 0.803483 0.929228
0.405103 0.906111 0.321496 0.476437 0.226029
0.640476 0.978981 0.603493 0.357814 0.647817
0.122921 0.888659 0.503084 0.449350 0.585865
0.624784 0.071776 0.682617 0.241932 0.713953
0.822535 0.803959 0.552501 0.520170 0.142876
0.775346 0.271409 0.496695 0.284274 0.133828
0.629558 0.054332 0.748645 0.317587 0.000135
0.511129 0.046852 0.276170 0.706976 0.062690
0.839338 0.003820 0.246824 0.740904 0.316270
0.101892 0.360234 0.270393 0.842712 0.313348
0.788932 0.891872 0.433817 0.909943 0.377318
0.964078 0.089290 0.687019 0.493814 0.387649
0.632712 0.703857 0.004363 0.166953 0.713046
0.666385 0.966048 0.761038 0.950773 0.702541
0.298052 0.105365 0.781824 0.644149 0.048186
0.360050 0.956800 0.500401 0.432729 0.457700
0.208883 0.368707 0.369813 0.052355 0.767568
0.416504 0.822180 0.850348 0.211994 0.657353
0.472282 0.880157 0.215741 0.677813 0.607752
0.295301 0.136601 0.651640 0.738597 0.315627
0.644833 0.395131 0.713207 0.199215 0.890215
0.287410 0.367786 0.058092 0.111512 0.515862
0.267593 0.835480 0.014693 0.379094 0.337346
0.019328 0.124368 0.413643 0.492865 0.404290
0.530938 0.595132 0.009924 0.464095 0.963499
0.519032 0.677542 0.311864 0.773991 0.772921
0.521296 0.976014 0.125550 0.016948 0.770158
0.807156 0.120207 0.265583 0.017552 0.293309
0.773142 0.517961 0.348096 0.371739 0.001354
0.299801 0.646459 0.974194 0.847061 0.023595
0.898561 0.783198 0.780376 0.457996 0.398005
0.302916 0.065695 0.228235 0.246604 0.484077
0.747444 0.473810 0.057844 0.957790 0.942724
0.785190 0.991328 0.544482 0.962768 0.075605
0.365681 0.225381 0.195833 0.140803 0.622414
0.781322 0.578298 0.146963 0.811124 0.635955
0.388166 0.674130 0.259905 0.345192 0.917486
0.290505 0.469988 0.890141 0.707721 0.062203
0.147303 0.007842 0.630922 0.447673 0.134275
0.957934 0.529660 0.241893 0.500604 0.679620
0.076239 0.274704 0.806965 0.459665 0.546577
0.432816 0.043900 0.165750 0.445542 0.209185
0.049979 0.843650 0.981193 0.793143 0.853785
0.241977 0.960627 0.196926 0.951430 0.994819
0.711723 0.981144 0.569540 0.259542 0.436996
0.593561 0.073082 0.622343 0.981178 0.190108
0.792595 0.907899 0.943702 0.960136 0.521460
0.977308 0.757310 0.161671 0.476900 0.718331
0.247340 0.640615 0.666600 0.162700 0.565085
0.771627 0.498896 0.012103 0.009038 0.357029
0.926194 0.228677 0.634364 0.222076 0.321670
0.848042 0.728861 0.095399 0.428702 0.029170
0.480890 0.662434 0.118503 0.288885 0.397837
0.919531 0.993255 0.044911 0.761008 0.371724
0.392458 0.754265 0.918426 0.950929 0.577123
0.357121 0.787549 0.251001 0.564074 0.358578
0.656631 0.240399 0.191593 0.918239 0.101804
0.505958 0.220853 0.038930 0.036019 0.175222
0.866770 0.282479 0.950459 0.581622 0.436614
0.580089 0.516698 0.758776 0.282496 0.353050
0.894094 0.946457 0.892558 0.419448 0.780366
0.476336 0.497540 0.204680 0.591130 0.186136
0.331565 0.855030 0.207076 0.071158 0.069008
0.940785 0.506920 0.409412 0.810879 0.835826
0.332191 0.693618 0.771123 0.654651 0.151595
0.875883 0.539095 0.282472 0.425228 0.037571
0.127867 0.765547 0.000012 0.416566 0.522510
0.054634 0.973078 0.226125 0.304199 0.303943
0.230417 0.001474 0.729345 0.966845 0.224293
0.663047 0.741896 0.848425 0.422629 0.302931
0.325295 0.712621 0.816779 0.181614 0.370941
0.901940 0.806694 0.984858 0.754248 0.393195
0.590638 0.661014 0.078456 0.544497 0.709321
0.167321 0.780632 0.583773 0.952222 0.042422
0.265326 0.601554 0.296560 0.714424 0.759005
0.102516 0.513854 0.508891 0.369281 0.932925
0.827506 0.697209 0.714327 0.461716 0.920995
0.694595 0.728981 0.861691 0.274072 0.807071
0.195241 0.345342 0.335610 0.978525 0.856537
0.701170 0.727057 0.562073 0.947091 0.496259
0.380518 0.163035 0.786206 0.734444 0.384355
0.025193 0.838997 0.011418 0.703700 0.970257
0.437661 0.234973 0.704871 0.817128 0.546430
0.967035 0.051669 0.504796 0.718454 0.862640
0.179256 0.800003 0.552707 0.396554 0.131715
0.865296 0.157273 0.309788 0.290046 0.871414
0.672703 0.796681 0.250468 0.624874 0.571746
0.832830 0.906087 0.012157 0.674020 0.051836
0.548859 0.287633 0.306777 0.352959 0.621292
0.334050 0.732699 0.404527 0.068353 0.783760
0.285758 0.432767 0.685444 0.332456 0.056586
0.373921 0.944449 0.641734 0.671479 0.632282
0.198992 0.418334 0.750940 0.101373 0.277853
0.276319 0.432019 0.980369 0.067503 0.518701
0.179365 0.970677 0.113304 0.403601 0.737885
0.704554 0.422729 0.346524 0.397612 0.264276
0.205333 0.483040 0.268534 0.287462 0.656756
0.968537 0.603637 0.076979 0.075584 0.951423
0.297291 0.092067 0.599045 0.623649 0.648505
0.267402 0.015111 0.965015 0.250893 0.676026
0.706630 0.610007 0.312907 0.271096 0.597668
0.866096 0.946734 0.105906 0.154829 0.944736
0.736535 0.882994 0.202633 0.587586 0.701140
0.680112 0.408152 0.015395 0.582926 0.253102
0.450254 0.957581 0.399035 0.839802 0.188541
0.672460 0.977007 0.101893 0.008320 0.433583
0.092625 0.748384 0.914549 0.434021 0.258712
0.434403 0.723448 0.009054 0.589454 0.613292
0.637688 0.242022 0.714053 0.091391 0.199270
0.877470 0.738723 0.013746 0.248376 0.214406
0.270806 0.247560 0.062526 0.458941 0.732733
0.606732 0.672872 0.081149 0.951491 0.838492
0.805090 0.822984 0.932711 0.544254 0.200282
0.616784 0.742881 0.737917 0.521449 0.068459
0.371113 0.920767 0.584449 0.538332 0.268854
0.368449 0.895346 0.666463 0.787387 0.454345
0.630247 0.248384 0.705461 0.427601 0.442546
0.649322 0.936281 0.064006 0.824743 0.292383
0.443919 0.021913 0.301046 0.502631 0.056176
0.491096 0.927111 0.105393 0.764441 0.409671
0.655174 0.260237 0.159492 0.160463 0.070492
0.185647 0.664219 0.881691 0.814126 0.685134
0.110432 0.289187 0.309807 0.249957 0.515006
0.535554 0.356886 0.353789 0.828556 0.789293
0.307796 0.913788 0.952815 0.326743 0.354425
0.505634 0.941121 0.876319 0.102568 0.392731
0.553371 0.503132 0.193863 0.858817 0.676941
0.837908 0.858764 0.748356 0.439211 0.610547
0.160365 0.673645 0.179253 0.693950 0.229598
0.117551 0.165284 0.001992 0.718740 0.732401
0.514933 0.161363 0.083554 0.019129 0.165748
0.890856 0.241537 0.354271 0.105345 0.222361
0.519225 0.607753 0.245352 0.057732 0.391033
0.234203 0.219554 0.959863 0.616300 0.556878
0.415775 0.428944 0.540905 0.696430 0.702146
0.171694 0.500113 0.411958 0.870527 0.631419
0.532504 0.115395 0.605638 0.117204 0.337207
0.142842 0.692074 0.206252 0.391859 0.895675
0.204316 0.507805 0.419272 0.018124 0.792758
0.069046 0.474255 0.560678 0.628426 0.688632
0.253272 0.009979 0.723444 0.535657 0.836118
0.821388 0.843326 0.485095 0.333628 0.791558
0.451294 0.183442 0.854974 0.882560 0.466310
0.075700 0.387826 0.803538 0.901774 0.203473
0.066974 0.877350 0.389405 0.541761 0.968066
0.066565 0.648318 0.074105 0.375469 0.803815
0.433472 0.997182 0.559059 0.321162 0.220111
0.350521 0.372533 0.068714 0.369574 0.464239
0.722738 0.656729 0.708766 0.008364 0.217667
0.661684 0.483989 0.005313 0.804495 0.772810
0.548419 0.066463 0.766515 0.583714 0.781960
0.751747 0.803002 0.518008 0.140325 0.671157
0.620474 0.742253 0.169881 0.194975 0.890410
0.749978 0.908228 0.758715 0.597155 0.654133
0.889128 0.578807 0.632391 0.156477 0.473921
0.716397 0.270943 0.202254 0.313827 0.241501
0.214913 0.424851 0.907839 0.507060 0.187920
0.076972 0.696156 0.382799 0.821831 0.659511
0.796241 0.271946 0.692359 0.264062 0.939068
0.636374 0.324512 0.269512 0.190927 0.694641
0.218716 0.595303 0.264635 0.661969 0.814940
0.778025 0.760851 0.187722 0.088385 0.698949
0.368347 0.432346 0.031149 0.259576 0.033676
0.879186 0.243397 0.557337 0.038979 0.666847
0.323027 0.897919 0.888118 0.325291 0.900961
0.996158 0.825416 0.844871 0.249009 0.576702
0.067256 0.094918 0.998893 0.326639 0.748184
0.806665 0.858023 0.997628 0.241496 0.040351
0.411192 0.130081 0.022426 0.360427 0.783738
0.566181 0.312778 0.654342 0.232018 0.014381
0.764353 0.623743 0.762303 0.038938 0.837120
0.619526 0.563395 0.624614 0.864433 0.586937
0.580950 0.990679 0.756730 0.442294 0.707397
0.389230 0.228875 0.596852 0.928182 0.929140
0.341905 0.527677 0.211636 0.995631 0.981118
0.649509 0.804414 0.715100 0.593158 0.053348
0.454764 0.674786 0.677532 0.373123 0.941692
0.167357 0.500359 0.690884 0.697136 0.648639
0.275288 0.156207 0.635940 0.599302 0.179356
0.705139 0.455172 0.667761 0.837367 0.169728
0.019145 0.779103 0.609697 0.699640 0.838155
0.802811 0.960920 0.535935 0.488496 0.401887
0.153691 0.572607 0.277013 0.921308 0.583191
0.592840 0.354925 0.051989 0.031744 0.423335
0.084565 0.606847 0.880973 0.882915 0.659045
0.211232 0.862997 0.886093 0.196654 0.737426
0.286520 0.802640 0.997238 0.030026 0.897366
0.622631 0.973383 0.465010 0.847388 0.062394
0.335279 0.067017 0.975343 0.816974 0.852547
0.937965 0.085103 0.385598 0.071035 0.210793
0.229366 0.469107 0.268562 0.100978 0.167491
0.147276 0.973077 0.759293 0.967761 0.439740
0.278368 0.798293 0.326254 0.299383 0.232506
0.129679 0.256463 0.355320 0.673994 0.062565
0.210507 0.809024 0.146922 0.342645 0.864659
0.154925 0.082737 0.484538 0.302420 0.563408
0.803805 0.137148 0.580699 0.505509 0.144079
0.623998 0.273640 0.487834 0.082272 0.459584
0.306463 0.822381 0.056979 0.418607 0.458431
0.725006 0.574288 0.667212 0.777049 0.862203
0.313875 0.538023 0.840108 0.989451 0.889519
0.371467 0.195167 0.489393 0.741641 0.492569
0.483181 0.838230 0.361404 0.859795 0.406805
0.328233 0.453990 0.762447 0.126002 0.196419
0.951445 0.175492 0.567727 0.579314 0.489624
0.644745 0.229827 0.552662 0.372173 0.661667
0.141224 0.570877 0.185270 0.278643 0.218710
0.182838 0.825711 0.285708 0.927124 0.969927
0.571260 0.143001 0.374548 0.797732 0.367391
0.087017 0.556785 0.845121 0.795926 0.175123
0.672765 0.220504 0.218208 0.874072 0.249669
0.263247 0.000653 0.870669 0.792595 0.627329
0.750266 0.152049 0.458324 0.351219 0.093777
0.486130 0.920740 0.040059 0.291461 0.207541
0.238147 0.908435 0.468069 0.466299 0.760576
0.154492 0.487265 0.429985 0.596911 0.999558
0.769449 0.397866 0.827553 0.170708 0.030464
0.204448 0.340412 0.510581 0.615129 0.910606
0.509854 0.501276 0.050243 0.034912 0.551160
0.438179 0.839180 0.160680 0.024972 0.449039
0.237479 0.049614 0.724598 0.111593 0.608320
0.281050 0.173496 0.379752 0.801446 0.392094
0.750770 0.125486 0.772771 0.236933 0.677393
0.565782 0.929145 0.387323 0.066165 0.019155
0.826859 0.524736 0.775244 0.234426 0.345084
0.030104 0.961492 0.667868 0.933205 0.265496
0.611464 0.678500 0.317550 0.848109 0.947161
0.884855 0.739067 0.277465 0.281616 0.963360
0.010284 0.716050 0.706246 0.622690 0.990109
0.311879 0.339972 0.078939 0.442798 0.261049
0.343387 0.834572 0.935485 0.185733 0.372509
0.928631 0.061808 0.092361 0.162791 0.595213
0.150472 0.968076 0.446715 0.501518 0.246659
0.470960 0.661914 0.751177 0.753868 0.577891
0.904360 0.817408 0.757048 0.055606 0.006878
0.212447 0.663524 0.411197 0.402406 0.884587
0.895563 0.909175 0.313878 0.691056 0.271633
0.190610 0.184632 0.342108 0.429958 0.830949
0.119891 0.734926 0.531455 0.287945 0.492820
0.299942 0.596082 0.433844 0.164406 0.116583
0.546696 0.902413 0.343958 0.733000 0.658661
0.931555 0.820981 0.566605 0.657030 0.898386
0.399519 0.326795 0.010811 0.826551 0.800981
0.104455 0.576857 0.463982 0.118709 0.980568
0.214696 0.067234 0.594847 0.738867 0.032443
0.658718 0.532292 0.103265 0.172524 0.567974
0.296358 0.938316 0.818740 0.983567 0.259671
0.969724 0.431234 0.347519 0.050350 0.052765
0.692011 0.457929 0.226522 0.613970 0.252858
0.577632 0.359209 0.823552 0.820696 0.477350
0.350819 0.362560 0.805715 0.328179 0.209059
0.084688 0.466693 0.482132 0.840909 0.221239
0.380991 0.808406 0.823624 0.384611 0.459124
0.303286 0.932555 0.118644 0.933749 0.683866
0.531572 0.032659 0.475596 0.407748 0.161219
0.656410 0.971151 0.562189 0.714753 0.068450
0.417667 0.116358 0.612796 0.938482 0.661778
0.076803 0.354666 0.550663 0.403208 0.833644
0.814671 0.611831 0.373458 0.255336 0.105874
0.354898 0.413173 0.675823 0.658160 0.070108
0.395259 0.181779 0.156813 0.827302 0.041915
0.419183 0.168204 0.879330 0.557041 0.231381
0.502427 0.731486 0.958118 0.220446 0.886182
0.934304 0.916421 0.635414 0.629821 0.403211
0.752398 0.531294 0.677438 0.428458 0.731496
0.824472 0.146436 0.832930 0.540297 0.844666
0.431302 0.379040 0.915061 0.251169 0.844212
0.484021 0.514095 0.308468 0.573042 0.325211
0.039269 0.271999 0.006379 0.978355 0.965747
0.395155 0.728371 0.345806 0.671093 0.805430
0.946756 0.400212 0.783298 0.265928 0.990332
0.025770 0.603529 0.659506 0.688046 0.120388
0.938530 0.181183 0.622753 0.222676 0.307216
0.546459 0.417193 0.160226 0.170936 0.418145
0.757283 0.897965 0.084128 0.393104 0.100246
0.016592 0.661719 0.602449 0.163019 0.233813
0.023708 0.834947 0.974691 0.135460 0.231475
0.868410 0.926464 0.419627 0.050622 0.039392
0.573950 0.392895 0.028652 0.583252 0.011303
0.787372 0.306433 0.040258 0.588352 0.397684
0.973800 0.544199 0.275239 0.709439 0.271492
0.904243 0.374722 0.549869 0.050573 0.426121
0.832364 0.805649 0.224319 0.226079 0.817305
0.930398 0.095361 0.450059 0.337454 0.870688
0.083525 0.211126 0.752468 0.051294 0.492535
0.442107 0.334401 0.394572 0.529941 0.161367
0.571996 0.805432 0.760161 0.153900 0.149249
0.268174 0.361075 0.408456 0.679697 0.056680
0.034673 0.391911 0.697164 0.193435 0.641504
0.259828 0.886086 0.895690 0.297287 0.229994
0.411304 0.240532 0.672384 0.826065 0.673092
0.824350 0.396992 0.156317 0.737951 0.360475
0.671271 0.270644 0.081230 0.992582 0.156202
0.988421 0.977280 0.793818 0.659423 0.577807
0.866102 0.289440 0.467681 0.619390 0.411190
0.427486 0.330285 0.564232 0.850575 0.201528
0.934433 0.689088 0.823273 0.556191 0.779517
0.016200 0.818380 0.040139 0.889913 0.991963
0.294067 0.210319 0.765363 0.253026 0.865562
0.102843 0.125955 0.979152 0.673839 0.846887
0.324329 0.676484 0.594242 0.603150 0.682532
0.575359 0.429062 0.275923 0.768581 0.226272
0.692354 0.233333 0.625330 0.747078 0.218714
0.059943 0.130974 0.605997 0.849446 0.044997
0.734151 0.341319 0.478528 0.928860 0.331972
0.465337 0.013682 0.081599 0.258592 0.027852
0.631375 0.426398 0.548145 0.174647 0.295932
0.663824 0.965303 0.050417 0.890384 0.576881
0.563920 0.500279 0.069394 0.089877 0.600912
0.340959 0.917268 0.406591 0.143281 0.714719
0.293353 0.525470 0.697833 0.900264 0.792191
0.676361 0.679633 0.945925 0.295824 0.001112
0.271955 0.217891 0.661835 0.633712 0.593461
0.016243 0.728778 0.323530 0.665056 0.556578
0.342731 0.134576 0.094419 0.831518 0.918398
0.649788 0.103434 0.402027 0.728939 0.779821
0.118219 0.000031 0.712137 0.356596 0.254481
0.012897 0.540299 0.851151 0.957632 0.565745
0.514461 0.085056 0.548873 0.379979 0.607135
0.388726 0.240299 0.094965 0.314918 0.096645
0.176897 0.987336 0.444104 0.531872 0.873619
0.995569 0.582714 0.812474 0.326941 0.305744
0.402704 0.672507 0.682192 0.315239 0.133210
0.632396 0.128326 0.578493 0.693422 0.700611
0.753472 0.872859 0.499959 0.730249 0.619173
0.186640 0.025690 0.284541 0.443034 0.617106
0.849959 0.196246 0.125550 0.963480 0.108045
0.478491 0.585564 0.541374 0.086032 0.057027
0.105483 0.585588 0.544345 0.233741 0.637774
0.820068 0.041579 0.498130 0.689310 0.252312
0.307771 0.613638 0.897935 0.809924 0.583130
0.730222 0.364822 0.640966 0.466182 0.189936
0.701738 0.556465 0.358622 0.911339 0.020934
0.315773 0.056881 0.766527 0.702107 0.331352
0.675663 0.395937 0.756254 0.454184 0.412280
0.934730 0.250879 0.120447 0.584543 0.969322
0.377839 0.062037 0.339305 0.505932 0.161923
0.658102 0.997749 0.451739 0.354729 0.400704
0.115146 0.883274 0.414826 0.387274 0.659690
0.442033 0.648233 0.061446 0.813723 0.940504
0.648765 0.954566 0.151432 0.477416 0.601807
0.581737 0.401462 0.338084 0.126824 0.391742
0.162661 0.734366 0.208831 0.058565 0.552366
0.595230 0.871913 0.576982 0.345481 0.803012
0.540279 0.079280 0.565851 0.908019 0.396313
0.296326 0.143469 0.151446 0.432771 0.595680
0.080615 0.939569 0.755134 0.586624 0.828439
0.080187 0.476839 0.630093 0.828653 0.783470
0.277069 0.940880 0.124346 0.875134 0.970940
0.177154 0.722066 0.040286 0.405423 0.516283
0.580645 0.935937 0.672251 0.481278 0.809675
0.950533 0.022066 0.982521 0.086132 0.814387
0.280335 0.132180 0.439856 0.643957 0.380952
0.054565 0.599461 0.902403 0.383215 0.216333
0.442577 0.048363 0.820488 0.826341 0.588000
0.353103 0.799783 0.554687 0.825932 0.631459
0.784405 0.598563 0.414141 0.957946 0.541114
0.605090 0.220488 0.625651 0.571608 0.184838
0.059587 0.604359 0.763692 0.523401 0.226773
0.666522 0.080106 0.441834 0.163367 0.184459
0.202294 0.386707 0.051150 0.397793 0.511707
0.483294 0.382784 0.839147 0.145327 0.505697
0.062041 0.071156 0.573866 0.566018 0.878034
0.557874 0.959791 0.048695 0.098008 0.044066
0.185277 0.541270 0.645572 0.045585 0.945971
0.842165 0.296612 0.077188 0.169887 0.126944
0.123284 0.518562 0.245847 0.358140 0.989505
0.684314 0.948981 0.142557 0.382139 0.554732
0.076758 0.004187 0.670434 0.641820 0.410789
0.489644 0.415443 0.024005 0.335372 0.177082
0.098424 0.956720 0.599360 0.728656 0.315364
0.393147 0.236924 0.096966 0.179032 0.797514
0.677546 0.546929 0.475090 0.922434 0.072735
0.280601 0.349938 0.782426 0.992515 0.240671
0.874307 0.830623 0.224657 0.399333 0.409673
0.978221 0.180892 0.799158 0.334193 0.730870
0.420011 0.578360 0.832612 0.804166 0.866423
0.059617 0.692051 0.139987 0.415819 0.548588
0.402739 0.519612 0.996526 0.135217 0.675456
0.396001 0.133010 0.158737 0.949273 0.879601
0.907042 0.991533 0.208315 0.355439 0.669219
0.483803 0.418390 0.357811 0.593781 0.575593
0.161458 0.471740 0.553472 0.570287 0.210107
0.742271 0.025199 0.354832 0.780213 0.563893
0.261162 0.694953 0.567391 0.796244 0.735025
0.610108 0.488178 0.133182 0.261333 0.419099
0.599299 0.513708 0.288185 0.006464 0.496239
0.285626 0.734608 0.023946 0.584828 0.941474
0.174409 0.471649 0.091422 0.625682 0.550532
0.407366 0.521377 0.896575 0.196294 0.022565
0.861665 0.577117 0.890658 0.596945 0.810161
0.429673 0.749860 0.913041 0.572123 0.180785
0.268798 0.198645 0.246857 0.306415 0.555134
0.587992 0.426500 0.615421 0.081575 0.087788
0.171829 0.518077 0.213995 0.283284 0.400313
0.811866 0.013862 0.649379 0.668877 0.798656
0.932753 0.020138 0.153784 0.886171 0.458519
0.564591 0.663027 0.679067 0.931740 0.996949
0.720157 0.287221 0.879752 0.049221 0.231081
0.897386 0.256192 0.220651 0.138125 0.859112
0.500058 0.674893 0.239066 0.758040 0.760006
0.312598 0.410683 0.209690 0.976561 0.645603
0.934544 0.303386 0.781891 0.765859 0.691656
0.965639 0.393555 0.130717 0.671709 0.729310
0.575061 0.206818 0.504456 0.312190 0.427467
0.645219 0.745215 0.232225 0.405325 0.269162
0.198632 0.783387 0.909253 0.370232 0.751279
0.896995 0.846124 0.182813 0.956292 0.376676
0.339241 0.062431 0.486174 0.109014 0.248540
0.316943 0.808826 0.875489 0.302466 0.858698
0.857231 0.764651 0.146695 0.690323 0.945024
0.682540 0.331617 0.500579 0.645725 0.510570
0.119953 0.312064 0.802396 0.861418 0.137300
0.952387 0.328823 0.662314 0.751825 0.811946
0.945750 0.312920 0.858506 0.131687 0.705041
0.741978 0.677723 0.252315 0.873043 0.168858
0.053635 0.717465 0.475476 0.849098 0.383397
0.168279 0.836442 0.548910 0.189196 0.720384
0.511114 0.604313 0.460898 0.828709 0.829563
0.709389 0.105401 0.838854 0.671013 0.697024
0.362983 0.879280 0.725372 0.112590 0.407778
0.886380 0.047197 0.961417 0.679163 0.631376
0.270559 0.248792 0.942058 0.298272 0.775505
0.393122 0.139254 0.010715 0.544257 0.975779
0.369136 0.357192 0.344092 0.520544 0.440665
0.879915 0.505521 0.507758 0.138372 0.982740
0.249973 0.073364 0.663146 0.595366 0.415146
0.422192 0.785064 0.195713 0.820253 0.648747
0.418970 0.458029 0.256647 0.752114 0.512875
0.320855 0.596050 0.995734 0.435262 0.920691
0.345017 0.054733 0.204242 0.418695 0.219635
0.000227 0.915002 0.843879 0.742292 0.167815
0.120364 0.067605 0.724029 0.928808 0.430536
0.119141 0.512393 0.348832 0.374825 0.621331
0.718718 0.110604 0.035590 0.994330 0.232728
0.053831 0.189875 0.038958 0.391811 0.802402
0.341244 0.444183 0.675587 0.508894 0.861446
0.866036 0.009911 0.778046 0.460734 0.988841
0.483232 0.986896 0.754569 0.248605 0.538395
0.992136 0.857531 0.097367 0.706372 0.345580
0.006982 0.403481 0.234754 0.818869 0.337331
0.827524 0.000598 0.307819 0.241165 0.233567
0.068187 0.187124 0.555550 0.291361 0.417395
0.376867 0.875905 0.905299 0.492957 0.330156
0.106801 0.953403 0.060227 0.297650 0.298066
0.320401 0.164287 0.783161 0.122498 0.634907
0.123846 0.070536 0.909430 0.190129 0.821250
0.544631 0.077857 0.955448 0.246961 0.859645
0.168810 0.853943 0.013229 0.511780 0.769443
0.934796 0.909202 0.819625 0.888191 0.199220
0.284184 0.288969 0.377054 0.393321 0.544555
0.159880 0.691247 0.167567 0.310308 0.503345
0.796441 0.739469 0.645534 0.155773 0.547045
0.087447 0.377363 0.413517 0.039811 0.273988
0.955649 0.953633 0.352327 0.043100 0.179095
0.392218 0.947780 0.141199 0.763516 0.108683
0.981258 0.381616 0.775235 0.342591 0.627669
0.192016 0.146021 0.938064 0.917647 0.887469
0.625433 0.808268 0.069037 0.334789 0.313703
0.635645 0.355958 0.148507 0.596467 0.814384
0.382123 0.132269 0.196688 0.237483 0.299898
0.642795 0.600945 0.696080 0.362502 0.823998
0.204088 0.469041 0.800939 0.180159 0.109863
0.883684 0.342930 0.683870 0.025349 0.690047
0.316101 0.055741 0.609813 0.240804 0.386807
0.080581 0.147163 0.297977 0.089760 0.910826
0.006047 0.483860 0.123247 0.307679 0.926060
0.161695 0.965832 0.205794 0.741566 0.546677
0.884479 0.553993 0.534559 0.195458 0.166229
0.916489 0.327838 0.372082 0.759824 0.338823
0.952062 0.737928 0.597429 0.880895 0.049606
0.257063 0.465036 0.226979 0.743905 0.919208
0.423770 0.342133 0.961551 0.444852 0.489048
0.351650 0.909548 0.568955 0.762175 0.811807
0.341849 0.433694 0.848472 0.363255 0.793935
0.940992 0.623210 0.741627 0.805097 0.845040
0.395053 0.051263 0.401876 0.673756 0.450350
0.748963 0.356982 0.634744 0.186420 0.749369
0.545696 0.204064 0.291911 0.748609 0.482601
0.216031 0.967271 0.715125 0.957135 0.427105
0.475100 0.897955 0.525049 0.707279 0.252173
0.446726 0.123450 0.205980 0.000943 0.039265
0.977284 0.242354 0.663311 0.839100 0.550660
0.153145 0.728116 0.600251 0.731251 0.769747
0.975410 0.573563 0.341641 0.648465 0.068441
0.897397 0.119381 0.327843 0.815745 0.597312
