# ZDT2 - All evaluated solutions
0.393636 0.473436 0.854547
0.340004 0.869650 0.088134
0.776798 0.847548 0.181818
0.430347 0.165500 0.706604
0.535348 0.635323 0.196487
0.211746 0.041497 0.322068
0.559745 0.857935 0.666927
0.435396 0.953120 0.719245
0.930165 0.527588 0.258904
0.052827 0.726085 0.121303
0.302775 0.532471 0.564417
0.600583 0.166255 0.379737
0.617194 0.969819 0.727631
0.922604 0.762212 0.591717
0.192023 0.666686 0.623380
0.602469 0.489786 0.528657
0.334443 0.519313 0.197556
0.805174 0.185777 0.084966
0.436246 0.658307 0.437717
0.276754 0.558171 0.347002
0.932868 0.922645 0.502372
0.327884 0.737132 0.036713
0.474769 0.336323 0.920536
0.012003 0.552815 0.740664
0.485018 0.085403 0.972461
0.518010 0.614186 0.236610
0.483498 0.429149 0.074896
0.106160 0.837473 0.239820
0.194958 0.504911 0.768747
0.061947 0.576808 0.119210
0.036461 0.052744 0.834164
0.117972 0.045151 0.437900
0.843993 0.262408 0.421713
0.039923 0.449079 0.577613
0.570907 0.332427 0.315533
0.106624 0.366798 0.099495
0.766596 0.966274 0.970074
0.865071 0.600792 0.700866
0.285206 0.630770 0.455650
0.482017 0.757777 0.281918
0.318040 0.924642 0.056224
0.485634 0.912801 0.610363
0.546407 0.249744 0.343275
0.852048 0.559218 0.514742
0.099580 0.016028 0.963685
0.376986 0.603213 0.079715
0.683114 0.932567 0.575665
0.126115 0.581722 0.766347
0.406417 0.879838 0.648683
0.899249 0.623505 0.131288
0.309692 0.201795 0.908826
0.760400 0.676398 0.300966
0.184045 0.756451 0.474158
0.225790 0.616622 0.040334
0.326170 0.468557 0.147958
0.984654 0.209097 0.130353
0.203535 0.769061 0.425506
0.565416 0.021009 0.034431
0.445826 0.816655 0.885239
0.086707 0.538363 0.913230
0.387973 0.829566 0.133696
0.935394 0.751423 0.941334
0.676617 0.363404 0.938181
0.275567 0.332173 0.700808
0.765316 0.929403 0.204802
0.797998 0.738546 0.063795
0.387223 0.282765 0.304490
0.982947 0.642777 0.717676
0.976618 0.377202 0.801840
0.434531 0.869534 0.180658
0.947686 0.218772 0.326221
0.756192 0.393755 0.608211
0.444574 0.742370 0.228331
0.058458 0.299929 0.474309
0.168020 0.354797 0.399983
0.057392 0.583307 0.884343
0.151743 0.597808 0.664739
0.419335 0.701098 0.410732
0.504637 0.007353 0.691720
0.661343 0.038401 0.368250
0.979032 0.420737 0.501945
0.909930 0.717262 0.582070
0.797805 0.864366 0.456888
0.475108 0.386051 0.966706
0.697166 0.083223 0.862960
0.480560 0.068754 0.549717
0.417164 0.877749 0.203995
0.826465 0.557689 0.054610
0.971845 0.512615 0.290877
0.469407 0.857858 0.304903
0.192676 0.129071 0.297859
0.780048 0.471626 0.227482
0.166185 0.332729 0.939924
0.343027 0.988124 0.485230
0.179164 0.891140 0.460355
0.709671 0.983712 0.050175
0.096695 0.720457 0.281825
0.184301 0.039362 0.021847
0.774486 0.134433 0.467721
0.605897 0.428352 0.027107
0.783502 0.010513 0.761890
0.893304 0.432840 0.535542
0.476983 0.389209 0.887425
0.893934 0.335816 0.615070
0.926908 0.962058 0.508959
0.452825 0.278694 0.958872
0.142814 0.579830 0.282550
0.279008 0.404969 0.998793
0.054966 0.578542 0.082572
0.154521 0.439563 0.510460
0.258792 0.316457 0.086967
0.303220 0.966558 0.944707
0.334878 0.570854 0.909595
0.006184 0.810684 0.948370
0.091326 0.161448 0.960746
0.537540 0.014197 0.257632
0.449944 0.692909 0.733160
0.995422 0.287511 0.538220
0.533324 0.405645 0.169162
0.977457 0.853317 0.498333
0.603245 0.227261 0.543787
0.694970 0.515167 0.990285
0.611342 0.370974 0.772152
0.170463 0.384516 0.346959
0.431807 0.781780 0.484173
0.794014 0.576489 0.342069
0.809979 0.238290 0.224383
0.504503 0.260849 0.009087
0.648298 0.511094 0.445518
0.966969 0.571199 0.863432
0.139450 0.569206 0.867980
0.583106 0.718014 0.372044
0.092450 0.457900 0.394479
0.867060 0.243995 0.966734
0.958138 0.247632 0.348052
0.895556 0.966622 0.443439
0.320997 0.526094 0.687769
0.273475 0.736473 0.051657
0.049294 0.386288 0.353473
0.315633 0.491020 0.320734
0.192258 0.309470 0.974904
0.411113 0.444713 0.576545
0.983341 0.241601 0.681282
0.715985 0.607324 0.088578
0.676872 0.064095 0.596143
0.739581 0.210970 0.841622
0.030354 0.843813 0.460329
0.217588 0.133778 0.953307
0.072666 0.199093 0.347822
0.620235 0.544801 0.125643
0.289728 0.238752 0.213543
0.411144 0.704031 0.217453
0.366679 0.390917 0.976457
0.954666 0.800138 0.241659
0.068037 0.316904 0.266795
0.505926 0.777728 0.858323
0.844864 0.359676 0.687234
0.312834 0.060906 0.701565
0.009828 0.409183 0.329379
0.693378 0.766245 0.304095
0.811627 0.293917 0.446326
0.727019 0.692920 0.987368
0.225161 0.662318 0.609682
0.915098 0.156362 0.751798
0.568269 0.274666 0.474435
0.333777 0.579313 0.889001
0.569305 0.631722 0.518748
0.051166 0.232859 0.492002
0.310235 0.181764 0.504133
0.322810 0.258108 0.463985
0.133284 0.927746 0.867702
0.707621 0.106214 0.775877
0.807957 0.767765 0.113966
0.643908 0.834325 0.577353
0.646407 0.458363 0.528707
0.034377 0.638963 0.081447
0.435015 0.292655 0.545428
0.133416 0.691643 0.795012
0.163354 0.104313 0.145515
0.877128 0.528189 0.467261
0.106712 0.649556 0.868000
0.828186 0.626055 0.075279
0.112397 0.049309 0.257479
0.135661 0.260048 0.385058
0.942983 0.610376 0.834974
0.710352 0.112503 0.735920
0.275099 0.639108 0.340962
0.997672 0.263551 0.279130
0.930672 0.024644 0.696689
0.725326 0.836379 0.974439
0.975602 0.065277 0.821839
0.646310 0.647342 0.128350
0.650187 0.982483 0.911819
0.439131 0.039948 0.362293
0.826390 0.701499 0.459344
0.055102 0.426895 0.469025
0.928556 0.641086 0.311653
0.525318 0.066055 0.972568
0.360060 0.477867 0.355284
0.682512 0.662232 0.715322
0.268143 0.315668 0.125251
0.655510 0.039797 0.597682
0.869696 0.890832 0.449038
0.459304 0.076969 0.670765
0.821259 0.244655 0.421301
0.838839 0.877120 0.243180
0.550571 0.192493 0.101879
0.911121 0.820508 0.760035
0.048766 0.843729 0.438044
0.342395 0.546476 0.091353
0.756647 0.582435 0.186590
0.188232 0.184249 0.057002
0.587798 0.840348 0.017498
0.049005 0.572770 0.819496
0.326739 0.349614 0.596346
0.274213 0.026608 0.735229
0.625650 0.580756 0.741684
0.675231 0.205882 0.352481
0.126110 0.129857 0.676196
0.858600 0.962733 0.628347
0.184101 0.105650 0.812851
0.578756 0.618285 0.781462
0.703277 0.834458 0.056214
0.747521 0.850853 0.286135
0.640447 0.314162 0.957971
0.033424 0.579793 0.166504
0.712220 0.175890 0.235383
0.494371 0.914835 0.211714
0.144240 0.758977 0.500620
0.911785 0.146615 0.645928
0.232879 0.156760 0.683429
0.593685 0.754827 0.309463
0.447972 0.405472 0.984089
0.292249 0.294817 0.354548
0.564594 0.252323 0.915290
0.265686 0.895816 0.103475
0.656563 0.906986 0.168749
0.968327 0.452883 0.945715
0.676820 0.301587 0.188303
0.303735 0.093017 0.143868
0.104660 0.422944 0.795578
0.141384 0.130320 0.643429
0.197183 0.097610 0.166849
0.923731 0.821471 0.354065
0.655821 0.537276 0.677124
0.682671 0.628734 0.266101
0.039006 0.455567 0.890974
0.569497 0.832391 0.991624
0.163616 0.691778 0.674294
0.979955 0.985601 0.686679
0.243615 0.798556 0.107029
0.780699 0.910196 0.382833
0.630635 0.430143 0.437765
0.310371 0.762130 0.936177
0.940751 0.174781 0.874744
0.737431 0.252837 0.067285
0.267997 0.912208 0.633179
0.721055 0.257152 0.719388
0.028122 0.375321 0.626753
0.146097 0.823004 0.235031
0.652281 0.405197 0.596044
0.107451 0.016913 0.909564
0.269630 0.819677 0.999350
0.211431 0.265171 0.662860
0.965449 0.915814 0.502876
0.795110 0.135746 0.977438
0.964353 0.163729 0.299423
0.100155 0.271718 0.815956
0.378316 0.088397 0.342226
0.981383 0.629684 0.416161
0.166539 0.986177 0.820849
0.281477 0.070069 0.056626
0.120378 0.580769 0.928763
0.496743 0.842945 0.445887
0.708584 0.731873 0.173964
0.361216 0.637302 0.070697
0.361540 0.534799 0.996224
0.474534 0.816057 0.432067
0.796391 0.595415 0.886595
0.410943 0.604304 0.630019
0.417383 0.144312 0.093559
0.016672 0.873534 0.236475
0.211507 0.736035 0.320016
0.506045 0.162511 0.959746
0.851581 0.863790 0.406774
0.762361 0.143876 0.008619
0.019973 0.586602 0.455395
0.518015 0.007463 0.422687
0.718068 0.442694 0.732219
0.233019 0.813142 0.588431
0.210763 0.236720 0.628030
0.829940 0.415628 0.258300
0.867012 0.669268 0.448085
0.487900 0.204256 0.626803
0.358743 0.995645 0.480184
0.485886 0.565852 0.916756
0.800818 0.451130 0.718699
0.586235 0.492367 0.192316
0.463936 0.245819 0.914842
0.335407 0.952264 0.533055
0.631544 0.542940 0.129381
0.375821 0.099146 0.622954
0.446874 0.777985 0.220470
0.164566 0.406332 0.926585
0.710422 0.418924 0.517272
0.084213 0.984576 0.666407
0.285404 0.585808 0.109482
0.965837 0.174785 0.648030
0.245454 0.717561 0.776821
0.673420 0.614499 0.892469
0.078627 0.330915 0.248287
0.988014 0.389390 0.732613
0.684725 0.212081 0.238998
0.281285 0.411127 0.234325
0.019651 0.879393 0.965610
0.341570 0.338507 0.007092
0.680251 0.825440 0.146608
0.159666 0.790083 0.616291
0.044861 0.622547 0.308918
0.368725 0.769731 0.810935
0.400357 0.947153 0.406463
0.771836 0.483877 0.897532
0.907761 0.087417 0.936493
0.825535 0.791311 0.200911
0.805119 0.850133 0.289150
0.952260 0.049860 0.149909
0.537581 0.575792 0.645150
0.016969 0.960367 0.044588
0.143062 0.014015 0.566858
0.932267 0.665947 0.822657
0.013281 0.542015 0.459563
0.498968 0.072213 0.684435
0.503220 0.765149 0.485291
0.149382 0.648257 0.172386
0.872395 0.613116 0.157204
0.962338 0.518365 0.072898
0.626833 0.253199 0.803693
0.817822 0.978947 0.501870
0.454957 0.753476 0.132471
0.546916 0.546248 0.089473
0.417984 0.853285 0.856154
0.099238 0.090721 0.262695
0.874766 0.128903 0.719997
0.101166 0.623138 0.356067
0.788914 0.233690 0.639202
0.235683 0.713660 0.873678
0.126802 0.866596 0.593575
0.127110 0.427542 0.160860
0.700348 0.758868 0.105797
0.506140 0.814625 0.936163
0.513518 0.950279 0.535689
0.394190 0.848203 0.492983
0.471903 0.490312 0.846785
0.831942 0.403520 0.333300
0.491928 0.572773 0.238337
0.793955 0.486483 0.334046
0.106821 0.238845 0.949281
0.305100 0.168859 0.460673
0.307088 0.035159 0.323145
0.544109 0.551712 0.356559
0.447303 0.965518 0.377348
0.258227 0.243467 0.457765
0.759520 0.205988 0.709296
0.021150 0.418933 0.775865
0.338733 0.563737 0.204979
0.741995 0.052279 0.852543
0.198196 0.874398 0.352529
0.722684 0.319225 0.905912
0.126637 0.178520 0.493030
0.081938 0.195980 0.943766
0.976490 0.376259 0.923286
0.544825 0.269742 0.702399
0.658902 0.989125 0.265047
0.672060 0.052024 0.113646
0.003918 0.999461 0.802274
0.786723 0.509726 0.300067
0.151264 0.284675 0.375971
0.756310 0.539662 0.077484
0.018029 0.102332 0.410499
0.933193 0.637402 0.801826
0.466375 0.361666 0.108400
0.875933 0.783160 0.168118
0.512261 0.487375 0.625092
0.946187 0.579771 0.540217
0.050323 0.062907 0.187347
0.032471 0.743353 0.723330
0.136056 0.836079 0.154786
0.301176 0.248977 0.372307
0.254664 0.488951 0.407408
0.986569 0.055926 0.142181
0.052826 0.625841 0.054509
0.836440 0.511939 0.527008
0.561595 0.170814 0.197690
0.318817 0.593496 0.210118
0.116332 0.970117 0.021982
0.802697 0.788035 0.297214
0.135627 0.145629 0.697432
0.642807 0.782746 0.937481
0.691927 0.155852 0.243443
0.842194 0.209306 0.072522
0.703280 0.402526 0.920040
0.650255 0.090419 0.947857
0.258557 0.337212 0.402260
0.051224 0.496515 0.123318
0.400970 0.350710 0.772840
0.803171 0.153413 0.366551
0.373353 0.151410 0.798454
0.707228 0.190382 0.366722
0.105805 0.628207 0.121372
0.985934 0.780682 0.390239
0.578564 0.911342 0.554099
0.174498 0.378703 0.843145
0.644213 0.650724 0.866821
0.893973 0.919793 0.094849
0.544126 0.740510 0.756927
0.606716 0.166787 0.797421
0.720111 0.086136 0.463810
0.173977 0.337477 0.018081
0.400330 0.549877 0.619583
0.663490 0.836291 0.215463
0.120482 0.851537 0.156613
0.974760 0.842538 0.500877
0.981421 0.097377 0.303066
0.638224 0.350007 0.928373
0.065626 0.549412 0.590866
0.652728 0.255666 0.364566
0.843681 0.194943 0.826868
0.562655 0.762188 0.713607
0.207511 0.568813 0.867723
0.432116 0.966591 0.452215
0.142786 0.389435 0.951702
0.319721 0.868098 0.881251
0.350187 0.083258 0.724558
0.311512 0.782924 0.442655
0.485267 0.777909 0.382363
0.443127 0.376190 0.367341
0.525947 0.808799 0.361768
0.524255 0.670727 0.269439
0.277523 0.933413 0.723535
0.577187 0.647720 0.029299
0.618103 0.509509 0.545750
0.359424 0.081474 0.193339
0.950745 0.408700 0.466683
0.052710 0.037566 0.717181
0.538095 0.508706 0.243125
0.744751 0.168237 0.189935
0.460712 0.286280 0.247463
0.645238 0.650972 0.824517
0.417709 0.073085 0.273666
0.980005 0.596259 0.709737
0.007358 0.518206 0.037529
0.569230 0.920771 0.968419
0.540553 0.458205 0.945017
0.673610 0.064899 0.465726
0.240245 0.469804 0.455466
0.582145 0.356770 0.164270
0.503719 0.830203 0.664012
0.338368 0.935523 0.912208
0.209348 0.039418 0.741309
0.827610 0.967865 0.889836
0.600535 0.530052 0.027841
0.246656 0.459615 0.628504
0.557252 0.742636 0.279767
0.564953 0.088142 0.413666
0.750161 0.693401 0.990643
0.277891 0.498189 0.329530
0.440603 0.856950 0.684209
0.882441 0.203511 0.873361
0.059762 0.888599 0.329074
0.314588 0.512089 0.940690
0.047781 0.352231 0.856572
0.396054 0.199157 0.424794
0.385553 0.915416 0.761934
0.505116 0.988371 0.465278
0.058238 0.262274 0.436070
0.156903 0.947565 0.766849
0.268287 0.590805 0.721449
0.941279 0.881635 0.515192
0.774653 0.562145 0.552704
0.114742 0.126138 0.529534
0.268862 0.021037 0.722839
0.032487 0.595277 0.539194
0.968815 0.484213 0.063601
0.551688 0.841096 0.996849
0.430343 0.320299 0.906653
0.191242 0.615429 0.405714
0.041082 0.347288 0.265229
0.686091 0.948790 0.268047
0.811466 0.055360 0.538121
0.070550 0.934033 0.766351
0.657950 0.823896 0.647520
0.968944 0.713958 0.924659
0.517132 0.117064 0.528178
0.126873 0.592493 0.482493
0.622575 0.010047 0.194840
0.491330 0.950504 0.383609
0.424372 0.714696 0.603793
0.298926 0.410816 0.217700
0.966021 0.130634 0.371837
0.025839 0.221779 0.780471
