# ZDT2 - All objective evaluations
0.393636 6.953712
0.340004 5.288258
0.776798 5.525006
0.430347 4.886860
0.535348 4.682723
0.211746 2.619033
0.559745 7.822028
0.435396 8.503409
0.930165 4.348608
0.052827 4.812666
0.302775 5.920550
0.600583 3.352627
0.617194 8.594429
0.922604 6.972670
0.192023 6.799875
0.602469 5.517978
0.334443 4.199441
0.805174 1.926097
0.436246 5.900028
0.276754 5.058184
0.932868 7.295176
0.327884 4.458319
0.474769 6.622001
0.012003 6.820632
0.485018 5.719552
0.518010 4.773010
0.483498 3.196675
0.106160 5.845889
0.194958 6.725817
0.061947 4.131154
0.036461 4.990820
0.117972 3.169345
0.843993 3.903893
0.039923 5.619829
0.570907 3.832584
0.106624 3.094649
0.766596 9.653070
0.865071 6.748331
0.285206 5.875077
0.482017 5.637712
0.318040 5.395214
0.485634 7.824210
0.546407 3.587206
0.852048 5.708356
0.099580 5.406877
0.376986 4.038285
0.683114 7.727118
0.126115 7.064059
0.406417 7.857378
0.899249 4.212643
0.309692 5.981806
0.760400 5.291029
0.184045 6.532560
0.225790 3.943415
0.326170 3.746132
0.984654 2.143933
0.203535 6.369053
0.565416 0.993620
0.445826 8.635568
0.086707 7.531169
0.387973 5.306461
0.935394 8.515875
0.676617 6.790369
0.275567 5.634970
0.765316 6.007970
0.797998 4.472414
0.387223 3.601489
0.982947 6.986380
0.976618 6.154431
0.434531 5.692884
0.947686 3.192329
0.756192 5.405048
0.444574 5.331337
0.058458 4.483309
0.168020 4.390090
0.057392 7.603995
0.151743 6.678016
0.419335 5.973940
0.504637 4.084404
0.661343 2.675376
0.979032 4.966026
0.909930 6.726069
0.797805 6.854005
0.475108 7.055558
0.697166 5.165381
0.480560 3.722076
0.417164 5.838190
0.826465 3.573460
0.971845 4.411091
0.469407 6.197070
0.192676 2.908479
0.780048 3.999223
0.166185 6.722837
0.343027 7.614674
0.179164 7.077197
0.709671 5.563392
0.096695 5.508571
0.184301 1.248807
0.774486 3.548001
0.605897 2.929182
0.783502 4.338660
0.893304 5.208778
0.476983 6.711118
0.893934 5.127611
0.926908 7.506822
0.452825 6.537833
0.142814 4.876530
0.279008 7.306288
0.054966 3.974253
0.154521 5.270578
0.258792 2.791620
0.303220 9.591120
0.334878 7.647386
0.006184 8.915735
0.091326 6.048494
0.537540 2.093260
0.449944 7.390018
0.995422 4.505675
0.533324 3.507328
0.977457 6.947526
0.603245 4.388301
0.694970 7.712411
0.611342 6.083237
0.170463 4.284866
0.431807 6.668945
0.794014 5.010700
0.809979 2.869159
0.504503 2.099789
0.648298 5.225523
0.966969 7.330430
0.139450 7.464733
0.583106 5.847682
0.092450 4.833941
0.867060 6.331695
0.958138 3.431151
0.895556 7.236087
0.320997 6.446440
0.273475 4.530138
0.049294 4.328363
0.315633 4.631479
0.192258 6.774230
0.411113 5.565455
0.983341 4.965325
0.715985 4.007485
0.676872 3.855695
0.739581 5.641315
0.030354 6.868504
0.217588 5.883848
0.072666 3.459595
0.620235 3.921235
0.289728 3.007671
0.411144 5.113835
0.366679 7.134386
0.954666 5.527857
0.068037 3.625368
0.505926 8.331620
0.844864 5.586111
0.312834 4.409033
0.009828 4.323506
0.693378 5.733874
0.811627 4.178999
0.727019 8.499561
0.225161 6.716459
0.915098 4.922096
0.568269 4.297073
0.333777 7.592769
0.569305 6.124647
0.051166 4.261257
0.310235 4.062982
0.322810 4.224896
0.133284 9.077559
0.707621 4.868648
0.807957 4.836382
0.643908 7.296161
0.646407 5.365035
0.034377 4.241567
0.435015 4.731713
0.133416 7.687633
0.163354 2.111667
0.877128 5.339121
0.106712 7.827546
0.828186 3.990964
0.112397 2.375240
0.135661 3.898262
0.942983 7.385576
0.710352 4.713172
0.275099 5.396326
0.997672 3.152897
0.930672 4.042008
0.725326 9.091175
0.975602 4.801358
0.646310 4.397594
0.650187 9.479970
0.439131 2.741464
0.826390 6.114065
0.055102 5.031035
0.928556 5.124253
0.525318 5.625169
0.360060 4.721883
0.682512 7.134289
0.268143 2.960044
0.655510 3.757587
0.869696 6.921814
0.459304 4.316472
0.821259 3.828050
0.838839 5.924880
0.550571 2.194278
0.911121 8.010112
0.048766 6.767627
0.342395 3.839942
0.756647 4.332265
0.188232 2.068641
0.587798 4.789221
0.049005 7.264866
0.326739 5.236516
0.274213 4.411286
0.625650 6.894667
0.675231 3.382835
0.126110 4.623800
0.858600 8.069515
0.184101 5.126653
0.578756 7.252970
0.703277 4.909263
0.747521 6.025087
0.640447 6.663603
0.033424 4.358077
0.712220 2.672791
0.494371 6.029204
0.144240 6.665064
0.911785 4.384384
0.232879 4.769511
0.593685 5.728424
0.447972 7.225357
0.292249 3.900368
0.564594 6.203289
0.265686 5.483967
0.656563 5.767003
0.968327 7.165136
0.676820 3.061552
0.303735 2.021330
0.104660 6.481659
0.141384 4.477412
0.197183 2.172310
0.923731 6.154253
0.655821 6.398270
0.682671 4.934047
0.039006 7.059217
0.569497 9.172847
0.163616 7.143575
0.979955 8.412614
0.243615 5.063438
0.780699 6.729247
0.630635 4.824514
0.310371 8.631232
0.940751 5.568217
0.737431 2.217728
0.267997 7.945212
0.721055 5.298051
0.028122 5.509193
0.146097 5.757452
0.652281 5.428303
0.107451 5.166914
0.269630 9.177708
0.211431 5.167501
0.965449 7.257875
0.795110 5.904125
0.964353 2.782653
0.100155 5.892828
0.378316 2.889084
0.981383 5.537520
0.166539 9.128579
0.281477 1.519663
0.120378 7.791035
0.496743 6.763456
0.708584 4.977355
0.361216 4.154825
0.361540 7.873040
0.474534 6.582525
0.796391 7.586345
0.410943 6.528689
0.417383 1.986280
0.016672 5.994995
0.211507 5.744455
0.506045 6.007829
0.851581 6.609580
0.762361 1.341557
0.019973 5.688915
0.518015 2.844267
0.718068 6.205096
0.233019 7.299649
0.210763 4.882298
0.829940 3.861872
0.867012 5.903391
0.487900 4.689543
0.358743 7.624387
0.485886 7.640962
0.800818 6.161856
0.586235 3.996861
0.463936 6.188386
0.335407 7.669296
0.631544 3.926363
0.375821 4.216213
0.446874 5.456695
0.164566 6.994259
0.710422 5.116063
0.084213 8.428583
0.285404 4.109080
0.965837 4.504305
0.245454 7.716923
0.673420 7.723079
0.078627 3.604696
0.988014 5.887634
0.684725 2.875112
0.281285 3.884272
0.019651 9.302471
0.341570 2.509534
0.680251 5.288113
0.159666 7.325204
0.044861 5.191204
0.368725 8.096242
0.400357 7.068667
0.771836 7.133790
0.907761 5.460647
0.825535 5.340295
0.805119 6.020973
0.952260 1.421439
0.537581 6.449742
0.016969 5.522245
0.143062 3.608265
0.932267 7.585829
0.013281 5.507070
0.498968 4.348398
0.503220 6.588766
0.149382 4.688140
0.872395 4.296043
0.962338 3.407704
0.626833 5.687753
0.817822 7.576403
0.454957 4.945251
0.546916 3.783267
0.417984 8.672374
0.099238 2.586572
0.874766 4.661290
0.101166 5.404530
0.788914 4.801720
0.235683 8.136201
0.126802 7.568645
0.127110 3.643380
0.700348 4.790707
0.506140 8.849693
0.513518 7.652551
0.394190 7.013250
0.471903 6.985202
0.831942 4.155315
0.491928 4.597952
0.793955 4.558039
0.106821 6.344771
0.305100 3.808608
0.307088 2.576272
0.544109 5.029025
0.447303 7.014490
0.258227 4.139496
0.759520 5.006082
0.021150 6.376521
0.338733 4.433493
0.741995 4.963143
0.198196 6.515149
0.722684 6.432929
0.126637 4.017987
0.081938 6.127764
0.976490 6.708711
0.544825 5.319407
0.658902 6.578430
0.672060 1.486757
0.003918 9.107803
0.786723 4.510795
0.151264 3.967148
0.756310 3.625716
0.018029 3.307641
0.933193 7.360050
0.466375 3.045481
0.875933 5.135458
0.512261 5.962408
0.946187 5.891724
0.050323 2.124953
0.032471 7.599936
0.136056 5.455501
0.301176 3.771881
0.254664 5.020731
0.986569 1.376905
0.052826 4.060890
0.836440 5.551981
0.561595 2.539624
0.318817 4.594245
0.116332 5.461968
0.802697 5.774110
0.135627 4.789934
0.642807 8.693749
0.691927 2.625643
0.842194 1.955521
0.703280 6.880399
0.650255 5.597696
0.258557 4.312180
0.051224 3.788560
0.400970 6.029426
0.803171 3.146690
0.373353 5.247960
0.707228 3.364344
0.105805 4.370543
0.985934 6.114087
0.578564 7.550409
0.174498 6.493631
0.644213 7.775947
0.893973 5.422301
0.544126 7.700204
0.606716 5.269988
0.720111 3.325519
0.173977 2.588370
0.400330 6.236977
0.663490 5.656106
0.120482 5.534053
0.974760 6.910504
0.981421 2.458240
0.638224 6.692386
0.065626 6.130549
0.652728 3.678663
0.843681 5.470999
0.562655 7.599645
0.207511 7.458643
0.432116 7.359341
0.142786 7.032219
0.319721 8.860548
0.350187 4.608714
0.311512 6.500208
0.485267 6.183376
0.443127 4.300706
0.525947 6.223420
0.524255 5.178207
0.277523 8.447157
0.577187 3.964260
0.618103 5.682204
0.359424 2.178901
0.950745 4.756215
0.052710 4.395733
0.538095 4.317180
0.744751 2.399404
0.460712 3.339448
0.645238 7.585204
0.417709 2.492235
0.980005 6.737325
0.007358 3.500789
0.569230 9.467252
0.540553 7.274551
0.673610 3.253876
0.240245 5.152537
0.582145 3.243361
0.503719 7.691118
0.338368 9.302496
0.209348 4.503558
0.827610 9.286474
0.600535 3.407788
0.246656 5.886216
0.557252 5.545369
0.564953 3.160174
0.750161 8.512595
0.277891 4.708394
0.440603 7.910752
0.882441 5.712721
0.059762 6.478978
0.314588 7.524375
0.047781 6.439259
0.396054 3.766585
0.385553 8.530688
0.505116 7.507584
0.058238 4.141733
0.156903 8.712038
0.268287 6.894718
0.941279 7.164116
0.774653 5.917084
0.114742 3.947188
0.268862 4.330815
0.032487 6.104945
0.968815 3.194298
0.551688 9.237924
0.430343 6.492886
0.191242 5.588608
0.041082 3.755877
0.686091 6.403080
0.811466 3.491275
0.070550 8.651154
0.657950 7.564572
0.968944 8.261656
0.517132 3.835082
0.126873 5.834682
0.622575 1.720328
0.491330 6.969037
0.424372 6.907225
0.298926 3.804982
0.966021 2.974962
0.025839 5.510007
